# sio2 slab  100 facet  4x4x1 supercell made from premitive cell, mp-??????

1216 atoms
2    atom types

Masses

1 28.0855      ! Silicon
2 15.9994      ! Oxygen

Atoms

1      1      0.0    3.942   0.0     1.688  
2      1      0.0    3.942   5.405   1.688  
3      1      0.0    3.942   10.811  1.688  
4      1      0.0    3.942   16.216  1.688  
5      1      0.0    3.942   21.622  1.688  
6      1      0.0    3.942   27.027  1.688  
7      1      0.0    3.942   32.432  1.688  
8      1      0.0    3.942   37.838  1.688  
9      1      0.0    8.858   0.0     1.688  
10     1      0.0    8.858   5.405   1.688  
11     1      0.0    8.858   10.811  1.688  
12     1      0.0    8.858   16.216  1.688  
13     1      0.0    8.858   21.622  1.688  
14     1      0.0    8.858   27.027  1.688  
15     1      0.0    8.858   32.432  1.688  
16     1      0.0    8.858   37.838  1.688  
17     1      0.0    13.774  0.0     1.688  
18     1      0.0    13.774  5.405   1.688  
19     1      0.0    13.774  10.811  1.688  
20     1      0.0    13.774  16.216  1.688  
21     1      0.0    13.774  21.622  1.688  
22     1      0.0    13.774  27.027  1.688  
23     1      0.0    13.774  32.432  1.688  
24     1      0.0    13.774  37.838  1.688  
25     1      0.0    18.69   0.0     1.688  
26     1      0.0    18.69   5.405   1.688  
27     1      0.0    18.69   10.811  1.688  
28     1      0.0    18.69   16.216  1.688  
29     1      0.0    18.69   21.622  1.688  
30     1      0.0    18.69   27.027  1.688  
31     1      0.0    18.69   32.432  1.688  
32     1      0.0    18.69   37.838  1.688  
33     1      0.0    23.606  0.0     1.688  
34     1      0.0    23.606  5.405   1.688  
35     1      0.0    23.606  10.811  1.688  
36     1      0.0    23.606  16.216  1.688  
37     1      0.0    23.606  21.622  1.688  
38     1      0.0    23.606  27.027  1.688  
39     1      0.0    23.606  32.432  1.688  
40     1      0.0    23.606  37.838  1.688  
41     1      0.0    28.522  0.0     1.688  
42     1      0.0    28.522  5.405   1.688  
43     1      0.0    28.522  10.811  1.688  
44     1      0.0    28.522  16.216  1.688  
45     1      0.0    28.522  21.622  1.688  
46     1      0.0    28.522  27.027  1.688  
47     1      0.0    28.522  32.432  1.688  
48     1      0.0    28.522  37.838  1.688  
49     1      0.0    33.438  0.0     1.688  
50     1      0.0    33.438  5.405   1.688  
51     1      0.0    33.438  10.811  1.688  
52     1      0.0    33.438  16.216  1.688  
53     1      0.0    33.438  21.622  1.688  
54     1      0.0    33.438  27.027  1.688  
55     1      0.0    33.438  32.432  1.688  
56     1      0.0    33.438  37.838  1.688  
57     1      0.0    38.354  0.0     1.688  
58     1      0.0    38.354  5.405   1.688  
59     1      0.0    38.354  10.811  1.688  
60     1      0.0    38.354  16.216  1.688  
61     1      0.0    38.354  21.622  1.688  
62     1      0.0    38.354  27.027  1.688  
63     1      0.0    38.354  32.432  1.688  
64     1      0.0    38.354  37.838  1.688  
65     1      0.0    0.031   3.604   3.945  
66     1      0.0    0.031   9.009   3.945  
67     1      0.0    0.031   14.414  3.945  
68     1      0.0    0.031   19.82   3.945  
69     1      0.0    0.031   25.225  3.945  
70     1      0.0    0.031   30.631  3.945  
71     1      0.0    0.031   36.036  3.945  
72     1      0.0    0.031   41.441  3.945  
73     1      0.0    4.947   3.604   3.945  
74     1      0.0    4.947   9.009   3.945  
75     1      0.0    4.947   14.414  3.945  
76     1      0.0    4.947   19.82   3.945  
77     1      0.0    4.947   25.225  3.945  
78     1      0.0    4.947   30.631  3.945  
79     1      0.0    4.947   36.036  3.945  
80     1      0.0    4.947   41.441  3.945  
81     1      0.0    9.863   3.604   3.945  
82     1      0.0    9.863   9.009   3.945  
83     1      0.0    9.863   14.414  3.945  
84     1      0.0    9.863   19.82   3.945  
85     1      0.0    9.863   25.225  3.945  
86     1      0.0    9.863   30.631  3.945  
87     1      0.0    9.863   36.036  3.945  
88     1      0.0    9.863   41.441  3.945  
89     1      0.0    14.779  3.604   3.945  
90     1      0.0    14.779  9.009   3.945  
91     1      0.0    14.779  14.414  3.945  
92     1      0.0    14.779  19.82   3.945  
93     1      0.0    14.779  25.225  3.945  
94     1      0.0    14.779  30.631  3.945  
95     1      0.0    14.779  36.036  3.945  
96     1      0.0    14.779  41.441  3.945  
97     1      0.0    19.695  3.604   3.945  
98     1      0.0    19.695  9.009   3.945  
99     1      0.0    19.695  14.414  3.945  
100    1      0.0    19.695  19.82   3.945  
101    1      0.0    19.695  25.225  3.945  
102    1      0.0    19.695  30.631  3.945  
103    1      0.0    19.695  36.036  3.945  
104    1      0.0    19.695  41.441  3.945  
105    1      0.0    24.611  3.604   3.945  
106    1      0.0    24.611  9.009   3.945  
107    1      0.0    24.611  14.414  3.945  
108    1      0.0    24.611  19.82   3.945  
109    1      0.0    24.611  25.225  3.945  
110    1      0.0    24.611  30.631  3.945  
111    1      0.0    24.611  36.036  3.945  
112    1      0.0    24.611  41.441  3.945  
113    1      0.0    29.527  3.604   3.945  
114    1      0.0    29.527  9.009   3.945  
115    1      0.0    29.527  14.414  3.945  
116    1      0.0    29.527  19.82   3.945  
117    1      0.0    29.527  25.225  3.945  
118    1      0.0    29.527  30.631  3.945  
119    1      0.0    29.527  36.036  3.945  
120    1      0.0    29.527  41.441  3.945  
121    1      0.0    34.443  3.604   3.945  
122    1      0.0    34.443  9.009   3.945  
123    1      0.0    34.443  14.414  3.945  
124    1      0.0    34.443  19.82   3.945  
125    1      0.0    34.443  25.225  3.945  
126    1      0.0    34.443  30.631  3.945  
127    1      0.0    34.443  36.036  3.945  
128    1      0.0    34.443  41.441  3.945  
129    1      0.0    1.484   1.802   1.946  
130    1      0.0    1.484   7.207   1.946  
131    1      0.0    1.484   12.613  1.946  
132    1      0.0    1.484   18.018  1.946  
133    1      0.0    1.484   23.423  1.946  
134    1      0.0    1.484   28.829  1.946  
135    1      0.0    1.484   34.234  1.946  
136    1      0.0    1.484   39.64   1.946  
137    1      0.0    6.4     1.802   1.946  
138    1      0.0    6.4     7.207   1.946  
139    1      0.0    6.4     12.613  1.946  
140    1      0.0    6.4     18.018  1.946  
141    1      0.0    6.4     23.423  1.946  
142    1      0.0    6.4     28.829  1.946  
143    1      0.0    6.4     34.234  1.946  
144    1      0.0    6.4     39.64   1.946  
145    1      0.0    11.316  1.802   1.946  
146    1      0.0    11.316  7.207   1.946  
147    1      0.0    11.316  12.613  1.946  
148    1      0.0    11.316  18.018  1.946  
149    1      0.0    11.316  23.423  1.946  
150    1      0.0    11.316  28.829  1.946  
151    1      0.0    11.316  34.234  1.946  
152    1      0.0    11.316  39.64   1.946  
153    1      0.0    16.232  1.802   1.946  
154    1      0.0    16.232  7.207   1.946  
155    1      0.0    16.232  12.613  1.946  
156    1      0.0    16.232  18.018  1.946  
157    1      0.0    16.232  23.423  1.946  
158    1      0.0    16.232  28.829  1.946  
159    1      0.0    16.232  34.234  1.946  
160    1      0.0    16.232  39.64   1.946  
161    1      0.0    21.148  1.802   1.946  
162    1      0.0    21.148  7.207   1.946  
163    1      0.0    21.148  12.613  1.946  
164    1      0.0    21.148  18.018  1.946  
165    1      0.0    21.148  23.423  1.946  
166    1      0.0    21.148  28.829  1.946  
167    1      0.0    21.148  34.234  1.946  
168    1      0.0    21.148  39.64   1.946  
169    1      0.0    26.064  1.802   1.946  
170    1      0.0    26.064  7.207   1.946  
171    1      0.0    26.064  12.613  1.946  
172    1      0.0    26.064  18.018  1.946  
173    1      0.0    26.064  23.423  1.946  
174    1      0.0    26.064  28.829  1.946  
175    1      0.0    26.064  34.234  1.946  
176    1      0.0    26.064  39.64   1.946  
177    1      0.0    30.98   1.802   1.946  
178    1      0.0    30.98   7.207   1.946  
179    1      0.0    30.98   12.613  1.946  
180    1      0.0    30.98   18.018  1.946  
181    1      0.0    30.98   23.423  1.946  
182    1      0.0    30.98   28.829  1.946  
183    1      0.0    30.98   34.234  1.946  
184    1      0.0    30.98   39.64   1.946  
185    1      0.0    35.896  1.802   1.946  
186    1      0.0    35.896  7.207   1.946  
187    1      0.0    35.896  12.613  1.946  
188    1      0.0    35.896  18.018  1.946  
189    1      0.0    35.896  23.423  1.946  
190    1      0.0    35.896  28.829  1.946  
191    1      0.0    35.896  34.234  1.946  
192    1      0.0    35.896  39.64   1.946  
193    1      0.0    1.484   0.0     5.945  
194    1      0.0    1.484   5.405   5.945  
195    1      0.0    1.484   10.811  5.945  
196    1      0.0    1.484   16.216  5.945  
197    1      0.0    1.484   21.622  5.945  
198    1      0.0    1.484   27.027  5.945  
199    1      0.0    1.484   32.432  5.945  
200    1      0.0    1.484   37.838  5.945  
201    1      0.0    6.4     0.0     5.945  
202    1      0.0    6.4     5.405   5.945  
203    1      0.0    6.4     10.811  5.945  
204    1      0.0    6.4     16.216  5.945  
205    1      0.0    6.4     21.622  5.945  
206    1      0.0    6.4     27.027  5.945  
207    1      0.0    6.4     32.432  5.945  
208    1      0.0    6.4     37.838  5.945  
209    1      0.0    11.316  0.0     5.945  
210    1      0.0    11.316  5.405   5.945  
211    1      0.0    11.316  10.811  5.945  
212    1      0.0    11.316  16.216  5.945  
213    1      0.0    11.316  21.622  5.945  
214    1      0.0    11.316  27.027  5.945  
215    1      0.0    11.316  32.432  5.945  
216    1      0.0    11.316  37.838  5.945  
217    1      0.0    16.232  0.0     5.945  
218    1      0.0    16.232  5.405   5.945  
219    1      0.0    16.232  10.811  5.945  
220    1      0.0    16.232  16.216  5.945  
221    1      0.0    16.232  21.622  5.945  
222    1      0.0    16.232  27.027  5.945  
223    1      0.0    16.232  32.432  5.945  
224    1      0.0    16.232  37.838  5.945  
225    1      0.0    21.148  0.0     5.945  
226    1      0.0    21.148  5.405   5.945  
227    1      0.0    21.148  10.811  5.945  
228    1      0.0    21.148  16.216  5.945  
229    1      0.0    21.148  21.622  5.945  
230    1      0.0    21.148  27.027  5.945  
231    1      0.0    21.148  32.432  5.945  
232    1      0.0    21.148  37.838  5.945  
233    1      0.0    26.064  0.0     5.945  
234    1      0.0    26.064  5.405   5.945  
235    1      0.0    26.064  10.811  5.945  
236    1      0.0    26.064  16.216  5.945  
237    1      0.0    26.064  21.622  5.945  
238    1      0.0    26.064  27.027  5.945  
239    1      0.0    26.064  32.432  5.945  
240    1      0.0    26.064  37.838  5.945  
241    1      0.0    30.98   0.0     5.945  
242    1      0.0    30.98   5.405   5.945  
243    1      0.0    30.98   10.811  5.945  
244    1      0.0    30.98   16.216  5.945  
245    1      0.0    30.98   21.622  5.945  
246    1      0.0    30.98   27.027  5.945  
247    1      0.0    30.98   32.432  5.945  
248    1      0.0    30.98   37.838  5.945  
249    1      0.0    35.896  0.0     5.945  
250    1      0.0    35.896  5.405   5.945  
251    1      0.0    35.896  10.811  5.945  
252    1      0.0    35.896  16.216  5.945  
253    1      0.0    35.896  21.622  5.945  
254    1      0.0    35.896  27.027  5.945  
255    1      0.0    35.896  32.432  5.945  
256    1      0.0    35.896  37.838  5.945  
257    1      0.0    2.489   3.604   8.203  
258    1      0.0    2.489   9.009   8.203  
259    1      0.0    2.489   14.414  8.203  
260    1      0.0    2.489   19.82   8.203  
261    1      0.0    2.489   25.225  8.203  
262    1      0.0    2.489   30.631  8.203  
263    1      0.0    2.489   36.036  8.203  
264    1      0.0    2.489   41.441  8.203  
265    1      0.0    7.405   3.604   8.203  
266    1      0.0    7.405   9.009   8.203  
267    1      0.0    7.405   14.414  8.203  
268    1      0.0    7.405   19.82   8.203  
269    1      0.0    7.405   25.225  8.203  
270    1      0.0    7.405   30.631  8.203  
271    1      0.0    7.405   36.036  8.203  
272    1      0.0    7.405   41.441  8.203  
273    1      0.0    12.321  3.604   8.203  
274    1      0.0    12.321  9.009   8.203  
275    1      0.0    12.321  14.414  8.203  
276    1      0.0    12.321  19.82   8.203  
277    1      0.0    12.321  25.225  8.203  
278    1      0.0    12.321  30.631  8.203  
279    1      0.0    12.321  36.036  8.203  
280    1      0.0    12.321  41.441  8.203  
281    1      0.0    17.237  3.604   8.203  
282    1      0.0    17.237  9.009   8.203  
283    1      0.0    17.237  14.414  8.203  
284    1      0.0    17.237  19.82   8.203  
285    1      0.0    17.237  25.225  8.203  
286    1      0.0    17.237  30.631  8.203  
287    1      0.0    17.237  36.036  8.203  
288    1      0.0    17.237  41.441  8.203  
289    1      0.0    22.153  3.604   8.203  
290    1      0.0    22.153  9.009   8.203  
291    1      0.0    22.153  14.414  8.203  
292    1      0.0    22.153  19.82   8.203  
293    1      0.0    22.153  25.225  8.203  
294    1      0.0    22.153  30.631  8.203  
295    1      0.0    22.153  36.036  8.203  
296    1      0.0    22.153  41.441  8.203  
297    1      0.0    27.069  3.604   8.203  
298    1      0.0    27.069  9.009   8.203  
299    1      0.0    27.069  14.414  8.203  
300    1      0.0    27.069  19.82   8.203  
301    1      0.0    27.069  25.225  8.203  
302    1      0.0    27.069  30.631  8.203  
303    1      0.0    27.069  36.036  8.203  
304    1      0.0    27.069  41.441  8.203  
305    1      0.0    31.985  3.604   8.203  
306    1      0.0    31.985  9.009   8.203  
307    1      0.0    31.985  14.414  8.203  
308    1      0.0    31.985  19.82   8.203  
309    1      0.0    31.985  25.225  8.203  
310    1      0.0    31.985  30.631  8.203  
311    1      0.0    31.985  36.036  8.203  
312    1      0.0    31.985  41.441  8.203  
313    1      0.0    36.901  3.604   8.203  
314    1      0.0    36.901  9.009   8.203  
315    1      0.0    36.901  14.414  8.203  
316    1      0.0    36.901  19.82   8.203  
317    1      0.0    36.901  25.225  8.203  
318    1      0.0    36.901  30.631  8.203  
319    1      0.0    36.901  36.036  8.203  
320    1      0.0    36.901  41.441  8.203  
321    1      0.0    3.942   1.802   6.203  
322    1      0.0    3.942   7.207   6.203  
323    1      0.0    3.942   12.613  6.203  
324    1      0.0    3.942   18.018  6.203  
325    1      0.0    3.942   23.423  6.203  
326    1      0.0    3.942   28.829  6.203  
327    1      0.0    3.942   34.234  6.203  
328    1      0.0    3.942   39.64   6.203  
329    1      0.0    8.858   1.802   6.203  
330    1      0.0    8.858   7.207   6.203  
331    1      0.0    8.858   12.613  6.203  
332    1      0.0    8.858   18.018  6.203  
333    1      0.0    8.858   23.423  6.203  
334    1      0.0    8.858   28.829  6.203  
335    1      0.0    8.858   34.234  6.203  
336    1      0.0    8.858   39.64   6.203  
337    1      0.0    13.774  1.802   6.203  
338    1      0.0    13.774  7.207   6.203  
339    1      0.0    13.774  12.613  6.203  
340    1      0.0    13.774  18.018  6.203  
341    1      0.0    13.774  23.423  6.203  
342    1      0.0    13.774  28.829  6.203  
343    1      0.0    13.774  34.234  6.203  
344    1      0.0    13.774  39.64   6.203  
345    1      0.0    18.69   1.802   6.203  
346    1      0.0    18.69   7.207   6.203  
347    1      0.0    18.69   12.613  6.203  
348    1      0.0    18.69   18.018  6.203  
349    1      0.0    18.69   23.423  6.203  
350    1      0.0    18.69   28.829  6.203  
351    1      0.0    18.69   34.234  6.203  
352    1      0.0    18.69   39.64   6.203  
353    1      0.0    23.606  1.802   6.203  
354    1      0.0    23.606  7.207   6.203  
355    1      0.0    23.606  12.613  6.203  
356    1      0.0    23.606  18.018  6.203  
357    1      0.0    23.606  23.423  6.203  
358    1      0.0    23.606  28.829  6.203  
359    1      0.0    23.606  34.234  6.203  
360    1      0.0    23.606  39.64   6.203  
361    1      0.0    28.522  1.802   6.203  
362    1      0.0    28.522  7.207   6.203  
363    1      0.0    28.522  12.613  6.203  
364    1      0.0    28.522  18.018  6.203  
365    1      0.0    28.522  23.423  6.203  
366    1      0.0    28.522  28.829  6.203  
367    1      0.0    28.522  34.234  6.203  
368    1      0.0    28.522  39.64   6.203  
369    1      0.0    33.438  1.802   6.203  
370    1      0.0    33.438  7.207   6.203  
371    1      0.0    33.438  12.613  6.203  
372    1      0.0    33.438  18.018  6.203  
373    1      0.0    33.438  23.423  6.203  
374    1      0.0    33.438  28.829  6.203  
375    1      0.0    33.438  34.234  6.203  
376    1      0.0    33.438  39.64   6.203  
377    1      0.0    38.354  1.802   6.203  
378    1      0.0    38.354  7.207   6.203  
379    1      0.0    38.354  12.613  6.203  
380    1      0.0    38.354  18.018  6.203  
381    1      0.0    38.354  23.423  6.203  
382    1      0.0    38.354  28.829  6.203  
383    1      0.0    38.354  34.234  6.203  
384    1      0.0    38.354  39.64   6.203  
385    2      0.0    0.476   0.644   1.448  
386    2      0.0    0.476   6.049   1.448  
387    2      0.0    0.476   11.455  1.448  
388    2      0.0    0.476   16.86   1.448  
389    2      0.0    0.476   22.265  1.448  
390    2      0.0    0.476   27.671  1.448  
391    2      0.0    0.476   33.076  1.448  
392    2      0.0    0.476   38.482  1.448  
393    2      0.0    5.392   0.644   1.448  
394    2      0.0    5.392   6.049   1.448  
395    2      0.0    5.392   11.455  1.448  
396    2      0.0    5.392   16.86   1.448  
397    2      0.0    5.392   22.265  1.448  
398    2      0.0    5.392   27.671  1.448  
399    2      0.0    5.392   33.076  1.448  
400    2      0.0    5.392   38.482  1.448  
401    2      0.0    10.308  0.644   1.448  
402    2      0.0    10.308  6.049   1.448  
403    2      0.0    10.308  11.455  1.448  
404    2      0.0    10.308  16.86   1.448  
405    2      0.0    10.308  22.265  1.448  
406    2      0.0    10.308  27.671  1.448  
407    2      0.0    10.308  33.076  1.448  
408    2      0.0    10.308  38.482  1.448  
409    2      0.0    15.224  0.644   1.448  
410    2      0.0    15.224  6.049   1.448  
411    2      0.0    15.224  11.455  1.448  
412    2      0.0    15.224  16.86   1.448  
413    2      0.0    15.224  22.265  1.448  
414    2      0.0    15.224  27.671  1.448  
415    2      0.0    15.224  33.076  1.448  
416    2      0.0    15.224  38.482  1.448  
417    2      0.0    20.14   0.644   1.448  
418    2      0.0    20.14   6.049   1.448  
419    2      0.0    20.14   11.455  1.448  
420    2      0.0    20.14   16.86   1.448  
421    2      0.0    20.14   22.265  1.448  
422    2      0.0    20.14   27.671  1.448  
423    2      0.0    20.14   33.076  1.448  
424    2      0.0    20.14   38.482  1.448  
425    2      0.0    25.056  0.644   1.448  
426    2      0.0    25.056  6.049   1.448  
427    2      0.0    25.056  11.455  1.448  
428    2      0.0    25.056  16.86   1.448  
429    2      0.0    25.056  22.265  1.448  
430    2      0.0    25.056  27.671  1.448  
431    2      0.0    25.056  33.076  1.448  
432    2      0.0    25.056  38.482  1.448  
433    2      0.0    29.972  0.644   1.448  
434    2      0.0    29.972  6.049   1.448  
435    2      0.0    29.972  11.455  1.448  
436    2      0.0    29.972  16.86   1.448  
437    2      0.0    29.972  22.265  1.448  
438    2      0.0    29.972  27.671  1.448  
439    2      0.0    29.972  33.076  1.448  
440    2      0.0    29.972  38.482  1.448  
441    2      0.0    34.888  0.644   1.448  
442    2      0.0    34.888  6.049   1.448  
443    2      0.0    34.888  11.455  1.448  
444    2      0.0    34.888  16.86   1.448  
445    2      0.0    34.888  22.265  1.448  
446    2      0.0    34.888  27.671  1.448  
447    2      0.0    34.888  33.076  1.448  
448    2      0.0    34.888  38.482  1.448  
449    2      0.0    1.557   2.96    0.824  
450    2      0.0    1.557   8.365   0.824  
451    2      0.0    1.557   13.771  0.824  
452    2      0.0    1.557   19.176  0.824  
453    2      0.0    1.557   24.581  0.824  
454    2      0.0    1.557   29.987  0.824  
455    2      0.0    1.557   35.392  0.824  
456    2      0.0    1.557   40.798  0.824  
457    2      0.0    6.473   2.96    0.824  
458    2      0.0    6.473   8.365   0.824  
459    2      0.0    6.473   13.771  0.824  
460    2      0.0    6.473   19.176  0.824  
461    2      0.0    6.473   24.581  0.824  
462    2      0.0    6.473   29.987  0.824  
463    2      0.0    6.473   35.392  0.824  
464    2      0.0    6.473   40.798  0.824  
465    2      0.0    11.389  2.96    0.824  
466    2      0.0    11.389  8.365   0.824  
467    2      0.0    11.389  13.771  0.824  
468    2      0.0    11.389  19.176  0.824  
469    2      0.0    11.389  24.581  0.824  
470    2      0.0    11.389  29.987  0.824  
471    2      0.0    11.389  35.392  0.824  
472    2      0.0    11.389  40.798  0.824  
473    2      0.0    16.305  2.96    0.824  
474    2      0.0    16.305  8.365   0.824  
475    2      0.0    16.305  13.771  0.824  
476    2      0.0    16.305  19.176  0.824  
477    2      0.0    16.305  24.581  0.824  
478    2      0.0    16.305  29.987  0.824  
479    2      0.0    16.305  35.392  0.824  
480    2      0.0    16.305  40.798  0.824  
481    2      0.0    21.221  2.96    0.824  
482    2      0.0    21.221  8.365   0.824  
483    2      0.0    21.221  13.771  0.824  
484    2      0.0    21.221  19.176  0.824  
485    2      0.0    21.221  24.581  0.824  
486    2      0.0    21.221  29.987  0.824  
487    2      0.0    21.221  35.392  0.824  
488    2      0.0    21.221  40.798  0.824  
489    2      0.0    26.137  2.96    0.824  
490    2      0.0    26.137  8.365   0.824  
491    2      0.0    26.137  13.771  0.824  
492    2      0.0    26.137  19.176  0.824  
493    2      0.0    26.137  24.581  0.824  
494    2      0.0    26.137  29.987  0.824  
495    2      0.0    26.137  35.392  0.824  
496    2      0.0    26.137  40.798  0.824  
497    2      0.0    31.053  2.96    0.824  
498    2      0.0    31.053  8.365   0.824  
499    2      0.0    31.053  13.771  0.824  
500    2      0.0    31.053  19.176  0.824  
501    2      0.0    31.053  24.581  0.824  
502    2      0.0    31.053  29.987  0.824  
503    2      0.0    31.053  35.392  0.824  
504    2      0.0    31.053  40.798  0.824  
505    2      0.0    35.969  2.96    0.824  
506    2      0.0    35.969  8.365   0.824  
507    2      0.0    35.969  13.771  0.824  
508    2      0.0    35.969  19.176  0.824  
509    2      0.0    35.969  24.581  0.824  
510    2      0.0    35.969  29.987  0.824  
511    2      0.0    35.969  35.392  0.824  
512    2      0.0    35.969  40.798  0.824  
513    2      0.0    4.015   4.247   2.809  
514    2      0.0    4.015   9.653   2.809  
515    2      0.0    4.015   15.058  2.809  
516    2      0.0    4.015   20.464  2.809  
517    2      0.0    4.015   25.869  2.809  
518    2      0.0    4.015   31.274  2.809  
519    2      0.0    4.015   36.68   2.809  
520    2      0.0    4.015   42.085  2.809  
521    2      0.0    8.931   4.247   2.809  
522    2      0.0    8.931   9.653   2.809  
523    2      0.0    8.931   15.058  2.809  
524    2      0.0    8.931   20.464  2.809  
525    2      0.0    8.931   25.869  2.809  
526    2      0.0    8.931   31.274  2.809  
527    2      0.0    8.931   36.68   2.809  
528    2      0.0    8.931   42.085  2.809  
529    2      0.0    13.847  4.247   2.809  
530    2      0.0    13.847  9.653   2.809  
531    2      0.0    13.847  15.058  2.809  
532    2      0.0    13.847  20.464  2.809  
533    2      0.0    13.847  25.869  2.809  
534    2      0.0    13.847  31.274  2.809  
535    2      0.0    13.847  36.68   2.809  
536    2      0.0    13.847  42.085  2.809  
537    2      0.0    18.763  4.247   2.809  
538    2      0.0    18.763  9.653   2.809  
539    2      0.0    18.763  15.058  2.809  
540    2      0.0    18.763  20.464  2.809  
541    2      0.0    18.763  25.869  2.809  
542    2      0.0    18.763  31.274  2.809  
543    2      0.0    18.763  36.68   2.809  
544    2      0.0    18.763  42.085  2.809  
545    2      0.0    23.679  4.247   2.809  
546    2      0.0    23.679  9.653   2.809  
547    2      0.0    23.679  15.058  2.809  
548    2      0.0    23.679  20.464  2.809  
549    2      0.0    23.679  25.869  2.809  
550    2      0.0    23.679  31.274  2.809  
551    2      0.0    23.679  36.68   2.809  
552    2      0.0    23.679  42.085  2.809  
553    2      0.0    28.595  4.247   2.809  
554    2      0.0    28.595  9.653   2.809  
555    2      0.0    28.595  15.058  2.809  
556    2      0.0    28.595  20.464  2.809  
557    2      0.0    28.595  25.869  2.809  
558    2      0.0    28.595  31.274  2.809  
559    2      0.0    28.595  36.68   2.809  
560    2      0.0    28.595  42.085  2.809  
561    2      0.0    33.511  4.247   2.809  
562    2      0.0    33.511  9.653   2.809  
563    2      0.0    33.511  15.058  2.809  
564    2      0.0    33.511  20.464  2.809  
565    2      0.0    33.511  25.869  2.809  
566    2      0.0    33.511  31.274  2.809  
567    2      0.0    33.511  36.68   2.809  
568    2      0.0    33.511  42.085  2.809  
569    2      0.0    38.427  4.247   2.809  
570    2      0.0    38.427  9.653   2.809  
571    2      0.0    38.427  15.058  2.809  
572    2      0.0    38.427  20.464  2.809  
573    2      0.0    38.427  25.869  2.809  
574    2      0.0    38.427  31.274  2.809  
575    2      0.0    38.427  36.68   2.809  
576    2      0.0    38.427  42.085  2.809  
577    2      0.0    2.934   1.158   2.185  
578    2      0.0    2.934   6.563   2.185  
579    2      0.0    2.934   11.969  2.185  
580    2      0.0    2.934   17.374  2.185  
581    2      0.0    2.934   22.78   2.185  
582    2      0.0    2.934   28.185  2.185  
583    2      0.0    2.934   33.59   2.185  
584    2      0.0    2.934   38.996  2.185  
585    2      0.0    7.85    1.158   2.185  
586    2      0.0    7.85    6.563   2.185  
587    2      0.0    7.85    11.969  2.185  
588    2      0.0    7.85    17.374  2.185  
589    2      0.0    7.85    22.78   2.185  
590    2      0.0    7.85    28.185  2.185  
591    2      0.0    7.85    33.59   2.185  
592    2      0.0    7.85    38.996  2.185  
593    2      0.0    12.766  1.158   2.185  
594    2      0.0    12.766  6.563   2.185  
595    2      0.0    12.766  11.969  2.185  
596    2      0.0    12.766  17.374  2.185  
597    2      0.0    12.766  22.78   2.185  
598    2      0.0    12.766  28.185  2.185  
599    2      0.0    12.766  33.59   2.185  
600    2      0.0    12.766  38.996  2.185  
601    2      0.0    17.682  1.158   2.185  
602    2      0.0    17.682  6.563   2.185  
603    2      0.0    17.682  11.969  2.185  
604    2      0.0    17.682  17.374  2.185  
605    2      0.0    17.682  22.78   2.185  
606    2      0.0    17.682  28.185  2.185  
607    2      0.0    17.682  33.59   2.185  
608    2      0.0    17.682  38.996  2.185  
609    2      0.0    22.598  1.158   2.185  
610    2      0.0    22.598  6.563   2.185  
611    2      0.0    22.598  11.969  2.185  
612    2      0.0    22.598  17.374  2.185  
613    2      0.0    22.598  22.78   2.185  
614    2      0.0    22.598  28.185  2.185  
615    2      0.0    22.598  33.59   2.185  
616    2      0.0    22.598  38.996  2.185  
617    2      0.0    27.514  1.158   2.185  
618    2      0.0    27.514  6.563   2.185  
619    2      0.0    27.514  11.969  2.185  
620    2      0.0    27.514  17.374  2.185  
621    2      0.0    27.514  22.78   2.185  
622    2      0.0    27.514  28.185  2.185  
623    2      0.0    27.514  33.59   2.185  
624    2      0.0    27.514  38.996  2.185  
625    2      0.0    32.43   1.158   2.185  
626    2      0.0    32.43   6.563   2.185  
627    2      0.0    32.43   11.969  2.185  
628    2      0.0    32.43   17.374  2.185  
629    2      0.0    32.43   22.78   2.185  
630    2      0.0    32.43   28.185  2.185  
631    2      0.0    32.43   33.59   2.185  
632    2      0.0    32.43   38.996  2.185  
633    2      0.0    37.346  1.158   2.185  
634    2      0.0    37.346  6.563   2.185  
635    2      0.0    37.346  11.969  2.185  
636    2      0.0    37.346  17.374  2.185  
637    2      0.0    37.346  22.78   2.185  
638    2      0.0    37.346  28.185  2.185  
639    2      0.0    37.346  33.59   2.185  
640    2      0.0    37.346  38.996  2.185  
641    2      0.0    0.966   2.446   3.321  
642    2      0.0    0.966   7.851   3.321  
643    2      0.0    0.966   13.256  3.321  
644    2      0.0    0.966   18.662  3.321  
645    2      0.0    0.966   24.067  3.321  
646    2      0.0    0.966   29.473  3.321  
647    2      0.0    0.966   34.878  3.321  
648    2      0.0    0.966   40.283  3.321  
649    2      0.0    5.882   2.446   3.321  
650    2      0.0    5.882   7.851   3.321  
651    2      0.0    5.882   13.256  3.321  
652    2      0.0    5.882   18.662  3.321  
653    2      0.0    5.882   24.067  3.321  
654    2      0.0    5.882   29.473  3.321  
655    2      0.0    5.882   34.878  3.321  
656    2      0.0    5.882   40.283  3.321  
657    2      0.0    10.798  2.446   3.321  
658    2      0.0    10.798  7.851   3.321  
659    2      0.0    10.798  13.256  3.321  
660    2      0.0    10.798  18.662  3.321  
661    2      0.0    10.798  24.067  3.321  
662    2      0.0    10.798  29.473  3.321  
663    2      0.0    10.798  34.878  3.321  
664    2      0.0    10.798  40.283  3.321  
665    2      0.0    15.714  2.446   3.321  
666    2      0.0    15.714  7.851   3.321  
667    2      0.0    15.714  13.256  3.321  
668    2      0.0    15.714  18.662  3.321  
669    2      0.0    15.714  24.067  3.321  
670    2      0.0    15.714  29.473  3.321  
671    2      0.0    15.714  34.878  3.321  
672    2      0.0    15.714  40.283  3.321  
673    2      0.0    20.63   2.446   3.321  
674    2      0.0    20.63   7.851   3.321  
675    2      0.0    20.63   13.256  3.321  
676    2      0.0    20.63   18.662  3.321  
677    2      0.0    20.63   24.067  3.321  
678    2      0.0    20.63   29.473  3.321  
679    2      0.0    20.63   34.878  3.321  
680    2      0.0    20.63   40.283  3.321  
681    2      0.0    25.546  2.446   3.321  
682    2      0.0    25.546  7.851   3.321  
683    2      0.0    25.546  13.256  3.321  
684    2      0.0    25.546  18.662  3.321  
685    2      0.0    25.546  24.067  3.321  
686    2      0.0    25.546  29.473  3.321  
687    2      0.0    25.546  34.878  3.321  
688    2      0.0    25.546  40.283  3.321  
689    2      0.0    30.462  2.446   3.321  
690    2      0.0    30.462  7.851   3.321  
691    2      0.0    30.462  13.256  3.321  
692    2      0.0    30.462  18.662  3.321  
693    2      0.0    30.462  24.067  3.321  
694    2      0.0    30.462  29.473  3.321  
695    2      0.0    30.462  34.878  3.321  
696    2      0.0    30.462  40.283  3.321  
697    2      0.0    35.378  2.446   3.321  
698    2      0.0    35.378  7.851   3.321  
699    2      0.0    35.378  13.256  3.321  
700    2      0.0    35.378  18.662  3.321  
701    2      0.0    35.378  24.067  3.321  
702    2      0.0    35.378  29.473  3.321  
703    2      0.0    35.378  34.878  3.321  
704    2      0.0    35.378  40.283  3.321  
705    2      0.0    3.424   4.762   0.312  
706    2      0.0    3.424   10.167  0.312  
707    2      0.0    3.424   15.572  0.312  
708    2      0.0    3.424   20.978  0.312  
709    2      0.0    3.424   26.383  0.312  
710    2      0.0    3.424   31.789  0.312  
711    2      0.0    3.424   37.194  0.312  
712    2      0.0    3.424   42.599  0.312  
713    2      0.0    8.34    4.762   0.312  
714    2      0.0    8.34    10.167  0.312  
715    2      0.0    8.34    15.572  0.312  
716    2      0.0    8.34    20.978  0.312  
717    2      0.0    8.34    26.383  0.312  
718    2      0.0    8.34    31.789  0.312  
719    2      0.0    8.34    37.194  0.312  
720    2      0.0    8.34    42.599  0.312  
721    2      0.0    13.256  4.762   0.312  
722    2      0.0    13.256  10.167  0.312  
723    2      0.0    13.256  15.572  0.312  
724    2      0.0    13.256  20.978  0.312  
725    2      0.0    13.256  26.383  0.312  
726    2      0.0    13.256  31.789  0.312  
727    2      0.0    13.256  37.194  0.312  
728    2      0.0    13.256  42.599  0.312  
729    2      0.0    18.172  4.762   0.312  
730    2      0.0    18.172  10.167  0.312  
731    2      0.0    18.172  15.572  0.312  
732    2      0.0    18.172  20.978  0.312  
733    2      0.0    18.172  26.383  0.312  
734    2      0.0    18.172  31.789  0.312  
735    2      0.0    18.172  37.194  0.312  
736    2      0.0    18.172  42.599  0.312  
737    2      0.0    23.088  4.762   0.312  
738    2      0.0    23.088  10.167  0.312  
739    2      0.0    23.088  15.572  0.312  
740    2      0.0    23.088  20.978  0.312  
741    2      0.0    23.088  26.383  0.312  
742    2      0.0    23.088  31.789  0.312  
743    2      0.0    23.088  37.194  0.312  
744    2      0.0    23.088  42.599  0.312  
745    2      0.0    28.004  4.762   0.312  
746    2      0.0    28.004  10.167  0.312  
747    2      0.0    28.004  15.572  0.312  
748    2      0.0    28.004  20.978  0.312  
749    2      0.0    28.004  26.383  0.312  
750    2      0.0    28.004  31.789  0.312  
751    2      0.0    28.004  37.194  0.312  
752    2      0.0    28.004  42.599  0.312  
753    2      0.0    32.92   4.762   0.312  
754    2      0.0    32.92   10.167  0.312  
755    2      0.0    32.92   15.572  0.312  
756    2      0.0    32.92   20.978  0.312  
757    2      0.0    32.92   26.383  0.312  
758    2      0.0    32.92   31.789  0.312  
759    2      0.0    32.92   37.194  0.312  
760    2      0.0    32.92   42.599  0.312  
761    2      0.0    37.836  4.762   0.312  
762    2      0.0    37.836  10.167  0.312  
763    2      0.0    37.836  15.572  0.312  
764    2      0.0    37.836  20.978  0.312  
765    2      0.0    37.836  26.383  0.312  
766    2      0.0    37.836  31.789  0.312  
767    2      0.0    37.836  37.194  0.312  
768    2      0.0    37.836  42.599  0.312  
769    2      0.0    2.934   0.644   5.706  
770    2      0.0    2.934   6.049   5.706  
771    2      0.0    2.934   11.455  5.706  
772    2      0.0    2.934   16.86   5.706  
773    2      0.0    2.934   22.265  5.706  
774    2      0.0    2.934   27.671  5.706  
775    2      0.0    2.934   33.076  5.706  
776    2      0.0    2.934   38.482  5.706  
777    2      0.0    7.85    0.644   5.706  
778    2      0.0    7.85    6.049   5.706  
779    2      0.0    7.85    11.455  5.706  
780    2      0.0    7.85    16.86   5.706  
781    2      0.0    7.85    22.265  5.706  
782    2      0.0    7.85    27.671  5.706  
783    2      0.0    7.85    33.076  5.706  
784    2      0.0    7.85    38.482  5.706  
785    2      0.0    12.766  0.644   5.706  
786    2      0.0    12.766  6.049   5.706  
787    2      0.0    12.766  11.455  5.706  
788    2      0.0    12.766  16.86   5.706  
789    2      0.0    12.766  22.265  5.706  
790    2      0.0    12.766  27.671  5.706  
791    2      0.0    12.766  33.076  5.706  
792    2      0.0    12.766  38.482  5.706  
793    2      0.0    17.682  0.644   5.706  
794    2      0.0    17.682  6.049   5.706  
795    2      0.0    17.682  11.455  5.706  
796    2      0.0    17.682  16.86   5.706  
797    2      0.0    17.682  22.265  5.706  
798    2      0.0    17.682  27.671  5.706  
799    2      0.0    17.682  33.076  5.706  
800    2      0.0    17.682  38.482  5.706  
801    2      0.0    22.598  0.644   5.706  
802    2      0.0    22.598  6.049   5.706  
803    2      0.0    22.598  11.455  5.706  
804    2      0.0    22.598  16.86   5.706  
805    2      0.0    22.598  22.265  5.706  
806    2      0.0    22.598  27.671  5.706  
807    2      0.0    22.598  33.076  5.706  
808    2      0.0    22.598  38.482  5.706  
809    2      0.0    27.514  0.644   5.706  
810    2      0.0    27.514  6.049   5.706  
811    2      0.0    27.514  11.455  5.706  
812    2      0.0    27.514  16.86   5.706  
813    2      0.0    27.514  22.265  5.706  
814    2      0.0    27.514  27.671  5.706  
815    2      0.0    27.514  33.076  5.706  
816    2      0.0    27.514  38.482  5.706  
817    2      0.0    32.43   0.644   5.706  
818    2      0.0    32.43   6.049   5.706  
819    2      0.0    32.43   11.455  5.706  
820    2      0.0    32.43   16.86   5.706  
821    2      0.0    32.43   22.265  5.706  
822    2      0.0    32.43   27.671  5.706  
823    2      0.0    32.43   33.076  5.706  
824    2      0.0    32.43   38.482  5.706  
825    2      0.0    37.346  0.644   5.706  
826    2      0.0    37.346  6.049   5.706  
827    2      0.0    37.346  11.455  5.706  
828    2      0.0    37.346  16.86   5.706  
829    2      0.0    37.346  22.265  5.706  
830    2      0.0    37.346  27.671  5.706  
831    2      0.0    37.346  33.076  5.706  
832    2      0.0    37.346  38.482  5.706  
833    2      0.0    4.015   2.96    5.082  
834    2      0.0    4.015   8.365   5.082  
835    2      0.0    4.015   13.771  5.082  
836    2      0.0    4.015   19.176  5.082  
837    2      0.0    4.015   24.581  5.082  
838    2      0.0    4.015   29.987  5.082  
839    2      0.0    4.015   35.392  5.082  
840    2      0.0    4.015   40.798  5.082  
841    2      0.0    8.931   2.96    5.082  
842    2      0.0    8.931   8.365   5.082  
843    2      0.0    8.931   13.771  5.082  
844    2      0.0    8.931   19.176  5.082  
845    2      0.0    8.931   24.581  5.082  
846    2      0.0    8.931   29.987  5.082  
847    2      0.0    8.931   35.392  5.082  
848    2      0.0    8.931   40.798  5.082  
849    2      0.0    13.847  2.96    5.082  
850    2      0.0    13.847  8.365   5.082  
851    2      0.0    13.847  13.771  5.082  
852    2      0.0    13.847  19.176  5.082  
853    2      0.0    13.847  24.581  5.082  
854    2      0.0    13.847  29.987  5.082  
855    2      0.0    13.847  35.392  5.082  
856    2      0.0    13.847  40.798  5.082  
857    2      0.0    18.763  2.96    5.082  
858    2      0.0    18.763  8.365   5.082  
859    2      0.0    18.763  13.771  5.082  
860    2      0.0    18.763  19.176  5.082  
861    2      0.0    18.763  24.581  5.082  
862    2      0.0    18.763  29.987  5.082  
863    2      0.0    18.763  35.392  5.082  
864    2      0.0    18.763  40.798  5.082  
865    2      0.0    23.679  2.96    5.082  
866    2      0.0    23.679  8.365   5.082  
867    2      0.0    23.679  13.771  5.082  
868    2      0.0    23.679  19.176  5.082  
869    2      0.0    23.679  24.581  5.082  
870    2      0.0    23.679  29.987  5.082  
871    2      0.0    23.679  35.392  5.082  
872    2      0.0    23.679  40.798  5.082  
873    2      0.0    28.595  2.96    5.082  
874    2      0.0    28.595  8.365   5.082  
875    2      0.0    28.595  13.771  5.082  
876    2      0.0    28.595  19.176  5.082  
877    2      0.0    28.595  24.581  5.082  
878    2      0.0    28.595  29.987  5.082  
879    2      0.0    28.595  35.392  5.082  
880    2      0.0    28.595  40.798  5.082  
881    2      0.0    33.511  2.96    5.082  
882    2      0.0    33.511  8.365   5.082  
883    2      0.0    33.511  13.771  5.082  
884    2      0.0    33.511  19.176  5.082  
885    2      0.0    33.511  24.581  5.082  
886    2      0.0    33.511  29.987  5.082  
887    2      0.0    33.511  35.392  5.082  
888    2      0.0    33.511  40.798  5.082  
889    2      0.0    38.427  2.96    5.082  
890    2      0.0    38.427  8.365   5.082  
891    2      0.0    38.427  13.771  5.082  
892    2      0.0    38.427  19.176  5.082  
893    2      0.0    38.427  24.581  5.082  
894    2      0.0    38.427  29.987  5.082  
895    2      0.0    38.427  35.392  5.082  
896    2      0.0    38.427  40.798  5.082  
897    2      0.0    1.557   4.247   7.066  
898    2      0.0    1.557   9.653   7.066  
899    2      0.0    1.557   15.058  7.066  
900    2      0.0    1.557   20.464  7.066  
901    2      0.0    1.557   25.869  7.066  
902    2      0.0    1.557   31.274  7.066  
903    2      0.0    1.557   36.68   7.066  
904    2      0.0    1.557   42.085  7.066  
905    2      0.0    6.473   4.247   7.066  
906    2      0.0    6.473   9.653   7.066  
907    2      0.0    6.473   15.058  7.066  
908    2      0.0    6.473   20.464  7.066  
909    2      0.0    6.473   25.869  7.066  
910    2      0.0    6.473   31.274  7.066  
911    2      0.0    6.473   36.68   7.066  
912    2      0.0    6.473   42.085  7.066  
913    2      0.0    11.389  4.247   7.066  
914    2      0.0    11.389  9.653   7.066  
915    2      0.0    11.389  15.058  7.066  
916    2      0.0    11.389  20.464  7.066  
917    2      0.0    11.389  25.869  7.066  
918    2      0.0    11.389  31.274  7.066  
919    2      0.0    11.389  36.68   7.066  
920    2      0.0    11.389  42.085  7.066  
921    2      0.0    16.305  4.247   7.066  
922    2      0.0    16.305  9.653   7.066  
923    2      0.0    16.305  15.058  7.066  
924    2      0.0    16.305  20.464  7.066  
925    2      0.0    16.305  25.869  7.066  
926    2      0.0    16.305  31.274  7.066  
927    2      0.0    16.305  36.68   7.066  
928    2      0.0    16.305  42.085  7.066  
929    2      0.0    21.221  4.247   7.066  
930    2      0.0    21.221  9.653   7.066  
931    2      0.0    21.221  15.058  7.066  
932    2      0.0    21.221  20.464  7.066  
933    2      0.0    21.221  25.869  7.066  
934    2      0.0    21.221  31.274  7.066  
935    2      0.0    21.221  36.68   7.066  
936    2      0.0    21.221  42.085  7.066  
937    2      0.0    26.137  4.247   7.066  
938    2      0.0    26.137  9.653   7.066  
939    2      0.0    26.137  15.058  7.066  
940    2      0.0    26.137  20.464  7.066  
941    2      0.0    26.137  25.869  7.066  
942    2      0.0    26.137  31.274  7.066  
943    2      0.0    26.137  36.68   7.066  
944    2      0.0    26.137  42.085  7.066  
945    2      0.0    31.053  4.247   7.066  
946    2      0.0    31.053  9.653   7.066  
947    2      0.0    31.053  15.058  7.066  
948    2      0.0    31.053  20.464  7.066  
949    2      0.0    31.053  25.869  7.066  
950    2      0.0    31.053  31.274  7.066  
951    2      0.0    31.053  36.68   7.066  
952    2      0.0    31.053  42.085  7.066  
953    2      0.0    35.969  4.247   7.066  
954    2      0.0    35.969  9.653   7.066  
955    2      0.0    35.969  15.058  7.066  
956    2      0.0    35.969  20.464  7.066  
957    2      0.0    35.969  25.869  7.066  
958    2      0.0    35.969  31.274  7.066  
959    2      0.0    35.969  36.68   7.066  
960    2      0.0    35.969  42.085  7.066  
961    2      0.0    0.476   1.158   6.442  
962    2      0.0    0.476   6.563   6.442  
963    2      0.0    0.476   11.969  6.442  
964    2      0.0    0.476   17.374  6.442  
965    2      0.0    0.476   22.78   6.442  
966    2      0.0    0.476   28.185  6.442  
967    2      0.0    0.476   33.59   6.442  
968    2      0.0    0.476   38.996  6.442  
969    2      0.0    5.392   1.158   6.442  
970    2      0.0    5.392   6.563   6.442  
971    2      0.0    5.392   11.969  6.442  
972    2      0.0    5.392   17.374  6.442  
973    2      0.0    5.392   22.78   6.442  
974    2      0.0    5.392   28.185  6.442  
975    2      0.0    5.392   33.59   6.442  
976    2      0.0    5.392   38.996  6.442  
977    2      0.0    10.308  1.158   6.442  
978    2      0.0    10.308  6.563   6.442  
979    2      0.0    10.308  11.969  6.442  
980    2      0.0    10.308  17.374  6.442  
981    2      0.0    10.308  22.78   6.442  
982    2      0.0    10.308  28.185  6.442  
983    2      0.0    10.308  33.59   6.442  
984    2      0.0    10.308  38.996  6.442  
985    2      0.0    15.224  1.158   6.442  
986    2      0.0    15.224  6.563   6.442  
987    2      0.0    15.224  11.969  6.442  
988    2      0.0    15.224  17.374  6.442  
989    2      0.0    15.224  22.78   6.442  
990    2      0.0    15.224  28.185  6.442  
991    2      0.0    15.224  33.59   6.442  
992    2      0.0    15.224  38.996  6.442  
993    2      0.0    20.14   1.158   6.442  
994    2      0.0    20.14   6.563   6.442  
995    2      0.0    20.14   11.969  6.442  
996    2      0.0    20.14   17.374  6.442  
997    2      0.0    20.14   22.78   6.442  
998    2      0.0    20.14   28.185  6.442  
999    2      0.0    20.14   33.59   6.442  
1000   2      0.0    20.14   38.996  6.442  
1001   2      0.0    25.056  1.158   6.442  
1002   2      0.0    25.056  6.563   6.442  
1003   2      0.0    25.056  11.969  6.442  
1004   2      0.0    25.056  17.374  6.442  
1005   2      0.0    25.056  22.78   6.442  
1006   2      0.0    25.056  28.185  6.442  
1007   2      0.0    25.056  33.59   6.442  
1008   2      0.0    25.056  38.996  6.442  
1009   2      0.0    29.972  1.158   6.442  
1010   2      0.0    29.972  6.563   6.442  
1011   2      0.0    29.972  11.969  6.442  
1012   2      0.0    29.972  17.374  6.442  
1013   2      0.0    29.972  22.78   6.442  
1014   2      0.0    29.972  28.185  6.442  
1015   2      0.0    29.972  33.59   6.442  
1016   2      0.0    29.972  38.996  6.442  
1017   2      0.0    34.888  1.158   6.442  
1018   2      0.0    34.888  6.563   6.442  
1019   2      0.0    34.888  11.969  6.442  
1020   2      0.0    34.888  17.374  6.442  
1021   2      0.0    34.888  22.78   6.442  
1022   2      0.0    34.888  28.185  6.442  
1023   2      0.0    34.888  33.59   6.442  
1024   2      0.0    34.888  38.996  6.442  
1025   2      0.0    3.424   2.446   7.579  
1026   2      0.0    3.424   7.851   7.579  
1027   2      0.0    3.424   13.256  7.579  
1028   2      0.0    3.424   18.662  7.579  
1029   2      0.0    3.424   24.067  7.579  
1030   2      0.0    3.424   29.473  7.579  
1031   2      0.0    3.424   34.878  7.579  
1032   2      0.0    3.424   40.283  7.579  
1033   2      0.0    8.34    2.446   7.579  
1034   2      0.0    8.34    7.851   7.579  
1035   2      0.0    8.34    13.256  7.579  
1036   2      0.0    8.34    18.662  7.579  
1037   2      0.0    8.34    24.067  7.579  
1038   2      0.0    8.34    29.473  7.579  
1039   2      0.0    8.34    34.878  7.579  
1040   2      0.0    8.34    40.283  7.579  
1041   2      0.0    13.256  2.446   7.579  
1042   2      0.0    13.256  7.851   7.579  
1043   2      0.0    13.256  13.256  7.579  
1044   2      0.0    13.256  18.662  7.579  
1045   2      0.0    13.256  24.067  7.579  
1046   2      0.0    13.256  29.473  7.579  
1047   2      0.0    13.256  34.878  7.579  
1048   2      0.0    13.256  40.283  7.579  
1049   2      0.0    18.172  2.446   7.579  
1050   2      0.0    18.172  7.851   7.579  
1051   2      0.0    18.172  13.256  7.579  
1052   2      0.0    18.172  18.662  7.579  
1053   2      0.0    18.172  24.067  7.579  
1054   2      0.0    18.172  29.473  7.579  
1055   2      0.0    18.172  34.878  7.579  
1056   2      0.0    18.172  40.283  7.579  
1057   2      0.0    23.088  2.446   7.579  
1058   2      0.0    23.088  7.851   7.579  
1059   2      0.0    23.088  13.256  7.579  
1060   2      0.0    23.088  18.662  7.579  
1061   2      0.0    23.088  24.067  7.579  
1062   2      0.0    23.088  29.473  7.579  
1063   2      0.0    23.088  34.878  7.579  
1064   2      0.0    23.088  40.283  7.579  
1065   2      0.0    28.004  2.446   7.579  
1066   2      0.0    28.004  7.851   7.579  
1067   2      0.0    28.004  13.256  7.579  
1068   2      0.0    28.004  18.662  7.579  
1069   2      0.0    28.004  24.067  7.579  
1070   2      0.0    28.004  29.473  7.579  
1071   2      0.0    28.004  34.878  7.579  
1072   2      0.0    28.004  40.283  7.579  
1073   2      0.0    32.92   2.446   7.579  
1074   2      0.0    32.92   7.851   7.579  
1075   2      0.0    32.92   13.256  7.579  
1076   2      0.0    32.92   18.662  7.579  
1077   2      0.0    32.92   24.067  7.579  
1078   2      0.0    32.92   29.473  7.579  
1079   2      0.0    32.92   34.878  7.579  
1080   2      0.0    32.92   40.283  7.579  
1081   2      0.0    37.836  2.446   7.579  
1082   2      0.0    37.836  7.851   7.579  
1083   2      0.0    37.836  13.256  7.579  
1084   2      0.0    37.836  18.662  7.579  
1085   2      0.0    37.836  24.067  7.579  
1086   2      0.0    37.836  29.473  7.579  
1087   2      0.0    37.836  34.878  7.579  
1088   2      0.0    37.836  40.283  7.579  
1089   2      0.0    0.966   4.762   4.569  
1090   2      0.0    0.966   10.167  4.569  
1091   2      0.0    0.966   15.572  4.569  
1092   2      0.0    0.966   20.978  4.569  
1093   2      0.0    0.966   26.383  4.569  
1094   2      0.0    0.966   31.789  4.569  
1095   2      0.0    0.966   37.194  4.569  
1096   2      0.0    0.966   42.599  4.569  
1097   2      0.0    5.882   4.762   4.569  
1098   2      0.0    5.882   10.167  4.569  
1099   2      0.0    5.882   15.572  4.569  
1100   2      0.0    5.882   20.978  4.569  
1101   2      0.0    5.882   26.383  4.569  
1102   2      0.0    5.882   31.789  4.569  
1103   2      0.0    5.882   37.194  4.569  
1104   2      0.0    5.882   42.599  4.569  
1105   2      0.0    10.798  4.762   4.569  
1106   2      0.0    10.798  10.167  4.569  
1107   2      0.0    10.798  15.572  4.569  
1108   2      0.0    10.798  20.978  4.569  
1109   2      0.0    10.798  26.383  4.569  
1110   2      0.0    10.798  31.789  4.569  
1111   2      0.0    10.798  37.194  4.569  
1112   2      0.0    10.798  42.599  4.569  
1113   2      0.0    15.714  4.762   4.569  
1114   2      0.0    15.714  10.167  4.569  
1115   2      0.0    15.714  15.572  4.569  
1116   2      0.0    15.714  20.978  4.569  
1117   2      0.0    15.714  26.383  4.569  
1118   2      0.0    15.714  31.789  4.569  
1119   2      0.0    15.714  37.194  4.569  
1120   2      0.0    15.714  42.599  4.569  
1121   2      0.0    20.63   4.762   4.569  
1122   2      0.0    20.63   10.167  4.569  
1123   2      0.0    20.63   15.572  4.569  
1124   2      0.0    20.63   20.978  4.569  
1125   2      0.0    20.63   26.383  4.569  
1126   2      0.0    20.63   31.789  4.569  
1127   2      0.0    20.63   37.194  4.569  
1128   2      0.0    20.63   42.599  4.569  
1129   2      0.0    25.546  4.762   4.569  
1130   2      0.0    25.546  10.167  4.569  
1131   2      0.0    25.546  15.572  4.569  
1132   2      0.0    25.546  20.978  4.569  
1133   2      0.0    25.546  26.383  4.569  
1134   2      0.0    25.546  31.789  4.569  
1135   2      0.0    25.546  37.194  4.569  
1136   2      0.0    25.546  42.599  4.569  
1137   2      0.0    30.462  4.762   4.569  
1138   2      0.0    30.462  10.167  4.569  
1139   2      0.0    30.462  15.572  4.569  
1140   2      0.0    30.462  20.978  4.569  
1141   2      0.0    30.462  26.383  4.569  
1142   2      0.0    30.462  31.789  4.569  
1143   2      0.0    30.462  37.194  4.569  
1144   2      0.0    30.462  42.599  4.569  
1145   2      0.0    35.378  4.762   4.569  
1146   2      0.0    35.378  10.167  4.569  
1147   2      0.0    35.378  15.572  4.569  
1148   2      0.0    35.378  20.978  4.569  
1149   2      0.0    35.378  26.383  4.569  
1150   2      0.0    35.378  31.789  4.569  
1151   2      0.0    35.378  37.194  4.569  
1152   2      0.0    35.378  42.599  4.569  
1153   2      0.0    3.424   4.762   8.827  
1154   2      0.0    3.424   10.167  8.827  
1155   2      0.0    3.424   15.572  8.827  
1156   2      0.0    3.424   20.978  8.827  
1157   2      0.0    3.424   26.383  8.827  
1158   2      0.0    3.424   31.789  8.827  
1159   2      0.0    3.424   37.194  8.827  
1160   2      0.0    3.424   42.599  8.827  
1161   2      0.0    8.34    4.762   8.827  
1162   2      0.0    8.34    10.167  8.827  
1163   2      0.0    8.34    15.572  8.827  
1164   2      0.0    8.34    20.978  8.827  
1165   2      0.0    8.34    26.383  8.827  
1166   2      0.0    8.34    31.789  8.827  
1167   2      0.0    8.34    37.194  8.827  
1168   2      0.0    8.34    42.599  8.827  
1169   2      0.0    13.256  4.762   8.827  
1170   2      0.0    13.256  10.167  8.827  
1171   2      0.0    13.256  15.572  8.827  
1172   2      0.0    13.256  20.978  8.827  
1173   2      0.0    13.256  26.383  8.827  
1174   2      0.0    13.256  31.789  8.827  
1175   2      0.0    13.256  37.194  8.827  
1176   2      0.0    13.256  42.599  8.827  
1177   2      0.0    18.172  4.762   8.827  
1178   2      0.0    18.172  10.167  8.827  
1179   2      0.0    18.172  15.572  8.827  
1180   2      0.0    18.172  20.978  8.827  
1181   2      0.0    18.172  26.383  8.827  
1182   2      0.0    18.172  31.789  8.827  
1183   2      0.0    18.172  37.194  8.827  
1184   2      0.0    18.172  42.599  8.827  
1185   2      0.0    23.088  4.762   8.827  
1186   2      0.0    23.088  10.167  8.827  
1187   2      0.0    23.088  15.572  8.827  
1188   2      0.0    23.088  20.978  8.827  
1189   2      0.0    23.088  26.383  8.827  
1190   2      0.0    23.088  31.789  8.827  
1191   2      0.0    23.088  37.194  8.827  
1192   2      0.0    23.088  42.599  8.827  
1193   2      0.0    28.004  4.762   8.827  
1194   2      0.0    28.004  10.167  8.827  
1195   2      0.0    28.004  15.572  8.827  
1196   2      0.0    28.004  20.978  8.827  
1197   2      0.0    28.004  26.383  8.827  
1198   2      0.0    28.004  31.789  8.827  
1199   2      0.0    28.004  37.194  8.827  
1200   2      0.0    28.004  42.599  8.827  
1201   2      0.0    32.92   4.762   8.827  
1202   2      0.0    32.92   10.167  8.827  
1203   2      0.0    32.92   15.572  8.827  
1204   2      0.0    32.92   20.978  8.827  
1205   2      0.0    32.92   26.383  8.827  
1206   2      0.0    32.92   31.789  8.827  
1207   2      0.0    32.92   37.194  8.827  
1208   2      0.0    32.92   42.599  8.827  
1209   2      0.0    37.836  4.762   8.827  
1210   2      0.0    37.836  10.167  8.827  
1211   2      0.0    37.836  15.572  8.827  
1212   2      0.0    37.836  20.978  8.827  
1213   2      0.0    37.836  26.383  8.827  
1214   2      0.0    37.836  31.789  8.827  
1215   2      0.0    37.836  37.194  8.827  
1216   2      0.0    37.836  42.599  8.827  