# water and pfoah on sio2 slab

374 atoms
5   atom types

Masses

1 1.0078       ! H of water
2 15.9994      ! O of water
3 12.011       ! C of pfoa
4 18.998403    ! F of pfoa
5 15.9994      ! O of pfoa

Atoms

1      1      0      7.04    3.913   28.305 
2      1      0      8.351   2.998   27.973 
3      2      0      7.359   3.067   27.877 
4      1      0      18.25   9.858   30.771 
5      1      0      17.904  8.438   31.5   
6      2      0      17.827  8.96    30.651 
7      1      0      13.457  10.377  11.904 
8      1      0      12.207  11.348  11.5   
9      2      0      12.502  10.399  11.607 
10     1      0      12.704  7.174   28.731 
11     1      0      12.342  5.813   27.904 
12     2      0      12.269  6.81    27.907 
13     1      0      0.302   0.624   14.28  
14     1      0      1.577   0.0     13.473 
15     2      0      1.14    0.845   13.781 
16     1      0      17.068  9.179   27.407 
17     1      0      18.083  10.387  27.825 
18     2      0      18.023  9.422   27.572 
19     1      0      12.44   9.359   29.097 
20     1      0      13.534  8.796   30.171 
21     2      0      13.226  9.602   29.666 
22     1      0      12.113  5.299   17.868 
23     1      0      12.433  4.556   16.45  
24     2      0      11.769  4.648   17.191 
25     1      0      5.545   11.15   26.567 
26     1      0      6.597   12.396  26.638 
27     2      0      5.797   11.979  27.067 
28     1      0      15.379  3.58    22.705 
29     1      0      16.016  4.373   23.983 
30     2      0      16.002  4.312   22.985 
31     1      0      4.629   8.809   25.811 
32     1      0      4.82    9.961   24.67  
33     2      0      5.287   9.259   25.207 
34     1      0      14.813  3.718   13.167 
35     1      0      14.249  3.066   14.554 
36     2      0      13.99   3.502   13.692 
37     1      0      12.068  8.113   13.942 
38     1      0      12.516  6.604   14.377 
39     2      0      12.347  7.214   13.604 
40     1      0      15.284  11.98   21.322 
41     1      0      15.312  10.43   21.834 
42     2      0      15.8    11.302  21.846 
43     1      0      0.726   1.5     26.392 
44     1      0      0.477   0.0     25.796 
45     2      0      0.595   0.964   25.558 
46     1      0      13.366  0.788   30.026 
47     1      0      11.907  0.694   29.299 
48     2      0      12.636  0.169   29.735 
49     1      0      13.867  5.695   12.898 
50     1      0      13.411  6.405   11.5   
51     2      0      13.988  6.496   12.311 
52     1      0      14.845  9.596   13.642 
53     1      0      14.03   8.708   14.743 
54     2      0      14.104  8.939   13.774 
55     1      0      19.513  12.933  23.878 
56     1      0      18.839  12.43   22.478 
57     2      0      18.664  12.886  23.35  
58     1      0      11.044  3.207   29.642 
59     1      0      10.904  2.145   30.874 
60     2      0      10.884  3.112   30.625 
61     1      0      7.035   9.587   27.344 
62     1      0      6.972   10.763  28.475 
63     2      0      7.577   10.233  27.882 
64     1      0      17.569  7.552   21.957 
65     1      0      16.777  6.124   21.937 
66     2      0      16.668  7.118   21.938 
67     1      0      14.196  0.58    20.304 
68     1      0      13.793  2.108   20.717 
69     2      0      14.506  1.409   20.771 
70     1      0      13.653  0.504   23.061 
71     1      0      14.516  1.243   24.234 
72     2      0      14.061  1.369   23.353 
73     1      0      11.404  1.89    11.705 
74     1      0      10.83   1.238   13.088 
75     2      0      10.775  1.215   12.09  
76     1      0      6.341   12.879  21.34  
77     1      0      6.469   12.528  22.93  
78     2      0      6.934   12.933  22.143 
79     1      0      8.748   5.014   11.993 
80     1      0      7.174   5.337   11.7   
81     2      0      8.114   5.601   11.488 
82     1      0      8.805   3.907   14.218 
83     1      0      7.421   3.905   13.352 
84     2      0      7.953   4.398   14.039 
85     1      0      9.824   4.131   20.648 
86     1      0      10.563  4.652   19.289 
87     2      0      10.697  4.411   20.249 
88     1      0      8.379   4.391   25.28  
89     1      0      6.831   4.763   25.645 
90     2      0      7.441   4.417   24.933 
91     1      0      10.614  3.413   27.192 
92     1      0      10.805  1.802   27.38  
93     2      0      11.281  2.679   27.316 
94     1      0      12.221  5.895   23.378 
95     1      0      11.768  7.464   23.38  
96     2      0      12.549  6.841   23.385 
97     1      0      12.383  12.933  25.239 
98     1      0      10.982  12.096  25.181 
99     2      0      11.544  12.78   24.717 
100    1      0      11.243  5.33    13.111 
101    1      0      11.499  5.317   11.498 
102    2      0      11.054  4.844   12.258 
103    1      0      18.276  9.482   23.679 
104    1      0      19.118  10.752  24.267 
105    2      0      18.607  9.929   24.511 
106    1      0      3.895   3.25    24.745 
107    1      0      3.874   2.348   26.107 
108    2      0      3.427   3.095   25.615 
109    1      0      18.553  9.609   18.551 
110    1      0      18.247  8.951   17.088 
111    2      0      18.179  9.782   17.64  
112    1      0      4.952   5.159   13.355 
113    1      0      5.268   6.719   12.992 
114    2      0      4.602   5.979   12.903 
115    1      0      7.086   2.248   24.842 
116    1      0      5.612   1.985   24.189 
117    2      0      6.174   2.633   24.703 
118    1      0      2.12    1.911   17.732 
119    1      0      1.87    2.808   19.074 
120    2      0      1.432   2.232   18.384 
121    1      0      9.213   0.86    20.996 
122    1      0      10.214  2.092   21.376 
123    2      0      10.014  1.125   21.532 
124    1      0      9.67    12.931  18.193 
125    1      0      8.282   12.927  19.052 
126    2      0      8.924   12.361  18.536 
127    1      0      4.28    1.302   17.295 
128    1      0      5.267   0.001   17.295 
129    2      0      5.234   0.999   17.295 
130    1      0      4.573   4.703   31.498 
131    1      0      3.556   3.425   31.5   
132    2      0      4.516   3.704   31.499 
133    1      0      5.482   10.891  20.955 
134    1      0      5.189   10.721  22.553 
135    2      0      5.895   10.702  21.846 
136    1      0      15.644  6.402   24.746 
137    1      0      17.17   6.734   24.271 
138    2      0      16.55   6.695   25.053 
139    1      0      16.133  12.933  26.26  
140    1      0      14.512  12.933  26.068 
141    2      0      15.327  12.357  26.122 
142    1      0      15.448  6.943   13.894 
143    1      0      14.579  6.162   15.034 
144    2      0      15.494  6.468   14.773 
145    1      0      13.146  12.599  17.118 
146    1      0      11.562  12.207  17.069 
147    2      0      12.217  12.932  17.28  
148    1      0      14.286  7.999   24.079 
149    1      0      14.338  8.489   22.522 
150    2      0      14.551  7.741   23.15  
151    1      0      7.726   2.349   17.114 
152    1      0      7.452   3.493   15.981 
153    2      0      8.09    3.174   16.681 
154    1      0      11.844  2.413   23.6   
155    1      0      10.214  2.503   23.578 
156    2      0      10.996  1.883   23.616 
157    1      0      13.968  0.108   15.807 
158    1      0      14.663  1.543   16.157 
159    2      0      13.797  1.047   16.104 
160    1      0      15.236  2.729   27.944 
161    1      0      13.772  3.414   27.709 
162    2      0      14.739  3.448   27.457 
163    1      0      16.012  4.334   14.905 
164    1      0      15.598  3.54    16.27  
165    2      0      15.942  4.402   15.9   
166    1      0      5.012   0.069   21.711 
167    1      0      3.728   0.9     22.282 
168    2      0      4.056   0.0     21.998 
169    1      0      16.755  8.888   25.233 
170    1      0      15.927  9.707   24.088 
171    2      0      16.425  9.789   24.951 
172    1      0      13.498  9.156   25.777 
173    1      0      12.135  8.661   26.527 
174    2      0      12.546  8.882   25.643 
175    1      0      18.384  10.072  11.712 
176    1      0      17.816  8.904   12.701 
177    2      0      18.547  9.571   12.562 
178    1      0      5.492   7.636   22.625 
179    1      0      6.66    8.658   22.116 
180    2      0      5.84    8.572   22.681 
181    1      0      2.387   4.933   24.999 
182    1      0      3.301   6.226   25.4   
183    2      0      2.836   5.414   25.752 
184    1      0      3.623   2.362   15.25  
185    1      0      3.61    3.823   14.52  
186    2      0      3.397   3.33    15.363 
187    1      0      15.355  7.98    28.607 
188    1      0      15.898  6.699   27.753 
189    2      0      15.496  7.611   27.688 
190    1      0      4.424   0.026   15.263 
191    1      0      4.773   0.0     13.668 
192    2      0      4.149   0.359   14.361 
193    1      0      2.655   2.189   12.924 
194    1      0      1.251   2.53    12.164 
195    2      0      2.081   1.974   12.134 
196    1      0      13.066  -0.0    18.485 
197    1      0      12.156  -0.001  17.129 
198    2      0      12.132  0.003   18.128 
199    1      0      11.86   11.699  31.211 
200    1      0      12.872  12.933  30.864 
201    2      0      12.685  12.185  31.5   
202    1      0      5.772   1.989   20.949 
203    2      0      5.591   2.783   21.53  
204    1      0      11.559  2.692   19.162 
205    2      0      12.362  3.209   19.46  
206    1      0      13.375  0.111   11.993 
207    2      0      12.512  0.0     11.5   
208    1      0      6.648   0.875   26.846 
209    2      0      5.991   1.599   26.636 
210    1      0      16.56   5.529   12.553 
211    2      0      16.751  5.869   11.632 
212    1      0      8.984   6.102   22.714 
213    2      0      8.676   5.387   23.341 
214    1      0      16.883  10.869  19.232 
215    2      0      17.201  11.205  20.119 
216    1      0      10.958  3.276   13.919 
217    2      0      11.833  3.163   13.446 
218    1      0      18.565  9.609   14.762 
219    2      0      18.99   10.509  14.866 
220    1      0      9.076   7.153   25.081 
221    2      0      9.927   7.232   24.562 
222    1      0      10.5    12.885  27.34  
223    2      0      9.636   12.536  26.976 
224    1      0      11.877  10.059  20.105 
225    2      0      12.522  9.301   20.205 
226    1      0      12.775  2.332   25.602 
227    2      0      12.51   1.371   25.684 
228    1      0      3.983   0.193   25.356 
229    2      0      4.946   0.0     25.546 
230    1      0      10.726  7.977   19.296 
231    2      0      11.025  7.057   19.042 
232    1      0      12.658  0.476   14.078 
233    2      0      13.403  1.13    13.941 
234    1      0      11.432  4.144   22.306 
235    2      0      10.607  4.589   22.653 
236    1      0      3.92    0.635   19.862 
237    2      0      3.561   0.009   19.17  
238    1      0      12.29   2.534   15.505 
239    2      0      11.682  2.091   16.165 
240    1      0      9.339   2.357   18.992 
241    2      0      8.479   1.865   19.125 
242    1      0      4.68    8.9     11.923 
243    2      0      5.492   8.409   11.607 
244    1      0      12.899  10.025  17.185 
245    2      0      13.85   10.315  17.297 
246    1      0      9.825   7.914   21.791 
247    2      0      10.485  7.205   21.543 
248    1      0      11.07   11.185  22.626 
249    2      0      10.331  10.713  22.144 
250    1      0      15.954  8.409   18.069 
251    2      0      16.712  7.758   18.118 
252    1      0      8.838   12.697  29.274 
253    2      0      9.798   12.933  29.425 
254    1      0      16.549  11.979  28.198 
255    2      0      15.771  11.883  28.819 
256    1      0      3.321   3.897   20.319 
257    2      0      3.362   4.511   21.108 
258    1      0      7.451   2.836   22.753 
259    2      0      8.064   2.689   21.977 
260    1      0      2.488   3.201   28.517 
261    2      0      1.775   3.573   27.922 
262    1      0      6.852   6.479   23.911 
263    2      0      7.394   7.285   23.67  
264    1      0      8.99    0.755   14.298 
265    2      0      9.628   0.0     14.451 
266    1      0      7.091   10.547  30.972 
267    2      0      7.763   9.969   30.507 
268    1      0      3.454   0.018   11.85  
269    2      0      4.017   0.842   11.782 
270    1      0      11.656  8.972   31.303 
271    2      0      11.273  8.069   31.5   
272    1      0      12.819  5.941   30.769 
273    2      0      12.004  5.436   30.483 
274    1      0      6.906   0.041   12.917 
275    2      0      6.96    -0.0    13.915 
276    1      0      13.407  7.929   16.748 
277    2      0      14.205  7.361   16.95  
278    1      0      2.309   1.004   30.829 
279    2      0      3.243   0.65    30.789 
280    1      0      5.819   2.23    15.22  
281    2      0      6.55    1.572   15.399 
282    1      0      6.083   7.743   30.061 
283    2      0      5.943   8.62    29.601 
284    1      0      10.943  6.195   15.864 
285    2      0      11.496  6.903   16.303 
286    1      0      15.367  12.798  14.512 
287    2      0      15.347  12.933  13.522 
288    1      0      0.299   0.617   17.404 
289    2      0      1.086   0.0     17.388 
290    1      0      5.339   2.544   18.864 
291    2      0      5.862   2.95    18.115 
292    1      0      9.602   12.933  23.685 
293    2      0      8.627   12.739  23.798 
294    1      0      13.099  12.3    23.07  
295    2      0      13.873  12.933  23.037 
296    1      0      10.248  1.049   17.463 
297    2      0      9.968   0.397   18.168 
298    1      0      7.409   11.058  24.525 
299    2      0      7.397   10.712  25.463 
300    1      0      10.052  8.978   25.895 
301    2      0      9.313   9.64    26.022 
302    1      0      9.205   12.932  21.049 
303    2      0      10.069  12.816  21.539 
304    1      0      7.899   10.233  18.775 
305    2      0      8.244   9.352   19.098 
306    1      0      11.349  12.933  14.322 
307    2      0      12.064  12.753  14.998 
308    1      0      15.179  12.933  18.348 
309    2      0      15.384  12.706  17.396 
310    1      0      16.251  5.483   30.827 
311    2      0      16.211  4.744   31.5   
312    1      0      5.737   3.456   11.687 
313    2      0      4.879   3.936   11.5   
314    1      0      12.325  12.714  20.674 
315    2      0      13.095  12.094  20.521 
316    1      0      15.975  9.364   11.562 
317    2      0      16.19   10.228  12.018 
318    1      0      12.112  0.081   20.804 
319    2      0      11.335  -0.001  20.18  
320    1      0      13.361  2.804   17.403 
321    2      0      13.618  2.084   18.048 
322    1      0      5.067   1.104   28.877 
323    2      0      5.954   1.564   28.836 
324    1      0      17.09   7.726   15.614 
325    2      0      16.651  8.625   15.609 
326    1      0      2.116   4.372   13.003 
327    2      0      2.543   5.258   13.179 
328    1      0      6.109   0.0     31.5   
329    2      0      6.876   0.372   30.977 
330    1      0      9.712   8.824   30.145 
331    2      0      10.441  8.544   29.52  
332    1      0      18.701  12.253  16.302 
333    2      0      17.706  12.154  16.271 
334    1      0      7.188   0.466   20.231 
335    2      0      6.71    -0.0    19.487 
336    1      0      13.313  12.125  13.299 
337    2      0      12.961  12.933  12.826 
338    1      0      7.593   6.185   27.14  
339    2      0      7.48    6.98    27.737 
340    1      0      7.829   2.435   11.766 
341    2      0      7.792   1.472   11.5   
342    1      0      8.792   6.84    29.887 
343    2      0      9.36    6.49    30.633 
344    1      0      13.438  5.564   19.604 
345    2      0      13.979  4.724   19.559 
346    1      0      2.99    3.911   17.445 
347    2      0      2.138   4.418   17.315 
348    1      0      9.259   11.895  16.255 
349    2      0      9.836   11.79   15.445 
350    3      0      9.502   8.083   12.084 
351    3      0      8.465   7.98    13.213 
352    5      0      10.583  8.84    12.459 
353    5      0      9.924   6.844   11.67  
354    4      0      8.041   9.263   13.515 
355    3      0      9.015   7.292   14.494 
356    4      0      7.381   7.269   12.726 
357    3      0      7.947   7.199   15.621 
358    4      0      10.101  8.013   14.96  
359    4      0      9.44    6.014   14.169 
360    4      0      7.522   8.478   15.942 
361    3      0      8.492   6.511   16.905 
362    4      0      6.86    6.479   15.151 
363    3      0      7.424   6.419   18.032 
364    4      0      9.58    7.231   17.375 
365    4      0      8.917   5.231   16.584 
366    4      0      6.999   7.698   18.357 
367    3      0      7.97    5.732   19.312 
368    4      0      6.336   5.698   17.565 
369    3      0      6.918   5.637   20.431 
370    4      0      9.054   6.444   19.8   
371    4      0      8.391   4.447   19.009 
372    4      0      6.492   6.899   20.808 
373    4      0      7.477   5.017   21.534 
374    4      0      5.827   4.895   20.017 