# water and pfoah on sio2 slab

1976 atoms
6    atom types

Masses

1 1.0078       ! H of water
2 15.9994      ! O of water
3 12.011       ! C of pfoa
4 18.998403    ! F of pfoa
5 15.9994      ! O of pfoa
6 1.0078       ! H of pfoa

Atoms

1      1      0      9.007   20.337  41.838 
2      1      0      8.599   21.2    43.163 
3      2      0      9.034   20.361  42.837 
4      1      0      7.566   17.331  23.485 
5      1      0      7.613   18.963  23.52  
6      2      0      8.166   18.131  23.51  
7      1      0      5.835   12.069  14.613 
8      1      0      5.615   11.991  16.229 
9      2      0      5.442   11.531  15.359 
10     1      0      9.263   19.86   25.829 
11     1      0      9.209   18.262  25.493 
12     2      0      9.272   19.178  25.097 
13     1      0      14.16   8.096   17.015 
14     1      0      13.435  6.634   17.081 
15     2      0      14.308  7.108   16.97  
16     1      0      15.681  13.368  42.871 
17     1      0      14.155  13.194  42.318 
18     2      0      15.074  12.802  42.313 
19     1      0      12.68   1.834   32.025 
20     1      0      11.314  2.502   31.43  
21     2      0      11.687  1.739   31.956 
22     1      0      15.437  18.664  37.999 
23     1      0      16.446  17.814  38.962 
24     2      0      15.536  17.835  38.551 
25     1      0      15.939  13.762  15.944 
26     1      0      15.765  15.17   15.136 
27     2      0      15.873  14.181  15.039 
28     1      0      1.089   15.817  22.393 
29     1      0      -0.0    15.876  23.608 
30     2      0      0.91    16.165  23.314 
31     1      0      18.557  14.102  14.198 
32     1      0      17.803  14.563  12.825 
33     2      0      17.668  14.264  13.769 
34     1      0      12.368  18.067  33.617 
35     1      0      12.54   16.444  33.654 
36     2      0      13.027  17.316  33.665 
37     1      0      7.597   12.426  28.789 
38     1      0      7.157   13.745  29.645 
39     2      0      7.933   13.211  29.309 
40     1      0      2.956   13.194  34.121 
41     1      0      4.371   12.587  33.578 
42     2      0      3.847   12.83   34.393 
43     1      0      7.303   13.14   26.227 
44     1      0      7.444   13.181  24.601 
45     2      0      7.933   13.027  25.459 
46     1      0      15.462  8.613   39.151 
47     1      0      15.261  8.569   40.771 
48     2      0      14.812  8.756   39.898 
49     1      0      4.176   4.386   35.328 
50     1      0      3.328   2.991   35.38  
51     2      0      3.478   3.837   34.868 
52     1      0      5.004   13.428  19.182 
53     1      0      4.558   13.539  17.615 
54     2      0      4.889   14.05   18.407 
55     1      0      6.198   21.623  18.761 
56     1      0      6.306   20.702  17.417 
57     2      0      6.749   21.422  17.951 
58     1      0      9.246   5.274   37.056 
59     1      0      8.789   5.653   35.535 
60     2      0      8.821   5.973   36.481 
61     1      0      9.187   7.638   25.01  
62     1      0      8.838   9.232   25.078 
63     2      0      9.52    8.536   25.299 
64     1      0      15.866  15.684  30.249 
65     1      0      17.263  16.515  30.091 
66     2      0      16.284  16.592  30.28  
67     1      0      13.962  21.622  18.537 
68     1      0      13.493  20.058  18.569 
69     2      0      14.28   20.674  18.56  
70     1      0      10.739  14.899  15.15  
71     1      0      9.147   15.069  15.475 
72     2      0      9.836   14.478  15.056 
73     1      0      4.536   1.273   10.982 
74     1      0      2.997   0.783   11.222 
75     2      0      3.71    0.929   10.536 
76     1      0      13.366  10.319  24.618 
77     1      0      12.968  8.939   25.396 
78     2      0      12.708  9.567   24.663 
79     1      0      12.493  14.386  40.341 
80     1      0      12.597  12.765  40.513 
81     2      0      11.985  13.553  40.562 
82     1      0      6.751   13.253  11.975 
83     1      0      7.648   13.16   13.337 
84     2      0      6.921   12.724  12.807 
85     1      0      1.072   18.452  18.983 
86     1      0      1.922   19.845  19.051 
87     2      0      1.008   19.444  19.093 
88     1      0      3.412   15.225  20.373 
89     1      0      2.723   16.696  20.202 
90     2      0      3.587   16.193  20.19  
91     1      0      0.192   18.462  15.548 
92     1      0      1.723   18.934  15.233 
93     2      0      0.865   19.191  15.676 
94     1      0      1.258   2.495   43.715 
95     1      0      1.599   1.621   45.052 
96     2      0      0.913   1.801   44.348 
97     1      0      9.035   2.522   42.02  
98     1      0      7.796   3.538   41.706 
99     2      0      8.647   3.423   42.216 
100    1      0      16.69   1.349   14.47  
101    1      0      15.733  0.071   14.814 
102    2      0      15.752  1.058   14.658 
103    1      0      14.184  13.376  44.511 
104    1      0      13.687  14.813  43.914 
105    2      0      13.387  13.92   44.248 
106    1      0      10.418  6.769   44.364 
107    1      0      10.791  5.525   45.353 
108    2      0      10.69   6.517   45.293 
109    1      0      18.202  16.962  32.029 
110    1      0      19.63   16.218  31.754 
111    2      0      19.143  17.09   31.715 
112    1      0      5.193   16.211  18.687 
113    1      0      6.065   17.187  17.711 
114    2      0      6.116   16.502  18.437 
115    1      0      7.964   16.833  16.297 
116    1      0      8.479   15.846  17.492 
117    2      0      7.732   16.036  16.855 
118    1      0      16.465  10.917  49.986 
119    1      0      15.878  12.44   50.0   
120    2      0      16.709  11.886  49.988 
121    1      0      9.457   16.183  24.793 
122    1      0      9.124   14.638  24.386 
123    2      0      9.333   15.548  24.031 
124    1      0      16.186  16.103  35.36  
125    1      0      15.001  14.981  35.412 
126    2      0      15.989  15.122  35.365 
127    1      0      19.155  7.12    32.258 
128    1      0      19.664  7.349   33.793 
129    2      0      19.433  6.663   33.103 
130    1      0      19.034  9.372   44.205 
131    1      0      19.497  10.349  45.428 
132    2      0      18.967  9.536   45.189 
133    1      0      17.188  15.666  48.077 
134    1      0      16.293  14.326  48.34  
135    2      0      16.26   15.292  48.087 
136    1      0      4.77    15.529  41.211 
137    1      0      4.282   14.041  41.672 
138    2      0      4.751   14.873  41.966 
139    1      0      4.228   18.924  40.962 
140    1      0      4.319   20.115  42.076 
141    2      0      3.943   19.856  41.187 
142    1      0      10.687  13.677  44.458 
143    1      0      11.721  13.982  45.684 
144    2      0      10.759  13.953  45.417 
145    1      0      14.306  21.422  14.552 
146    1      0      14.662  21.238  16.135 
147    2      0      15.036  21.229  15.208 
148    1      0      12.612  7.801   33.303 
149    1      0      11.985  6.632   34.256 
150    2      0      12.634  7.391   34.215 
151    1      0      5.317   5.967   39.418 
152    1      0      5.944   5.503   40.853 
153    2      0      5.533   5.183   40.0   
154    1      0      17.473  18.68   35.848 
155    1      0      17.01   17.485  36.86  
156    2      0      17.594  18.29   36.761 
157    1      0      0.614   2.024   22.031 
158    1      0      0.133   3.54    21.661 
159    2      0      0.84    2.995   22.111 
160    1      0      15.147  9.041   37.016 
161    1      0      14.673  7.509   37.328 
162    2      0      14.358  8.442   37.155 
163    1      0      4.747   17.777  48.186 
164    1      0      6.246   17.185  47.926 
165    2      0      5.723   17.993  48.195 
166    1      0      15.655  4.383   17.085 
167    1      0      15.456  2.917   17.777 
168    2      0      15.44   3.421   16.914 
169    1      0      9.578   12.192  42.362 
170    1      0      11.154  11.927  42.026 
171    2      0      10.481  12.02   42.758 
172    1      0      7.004   0.094   28.681 
173    1      0      6.017   1.394   28.741 
174    2      0      6.969   1.092   28.748 
175    1      0      15.565  10.75   23.04  
176    1      0      16.997  9.968   23.113 
177    2      0      16.139  10.147  23.594 
178    1      0      2.989   16.598  40.487 
179    1      0      1.604   16.71   39.629 
180    2      0      2.269   17.218  40.174 
181    1      0      12.705  9.931   46.31  
182    1      0      13.817  10.345  45.189 
183    2      0      13.378  10.621  46.043 
184    1      0      18.669  2.346   13.13  
185    1      0      19.664  1.461   14.076 
186    2      0      18.766  1.489   13.637 
187    1      0      3.331   3.406   29.877 
188    1      0      3.763   1.836   29.757 
189    2      0      4.1     2.767   29.892 
190    1      0      2.296   8.965   33.835 
191    1      0      3.032   7.998   34.926 
192    2      0      2.437   8.018   34.124 
193    1      0      13.016  3.17    28.769 
194    1      0      12.37   2.864   27.301 
195    2      0      13.086  3.362   27.79  
196    1      0      15.139  7.65    35.165 
197    1      0      16.762  7.466   35.184 
198    2      0      15.886  6.986   35.205 
199    1      0      0.243   15.761  11.439 
200    1      0      1.455   16.471  12.272 
201    2      0      0.58    16.625  11.814 
202    1      0      19.521  16.246  16.692 
203    1      0      18.264  15.268  16.333 
204    2      0      19.156  15.319  16.78  
205    1      0      7.001   5.708   44.618 
206    1      0      7.862   4.354   44.312 
207    2      0      7.531   4.966   45.03  
208    1      0      17.433  7.177   47.652 
209    1      0      16.211  8.259   47.602 
210    2      0      17.204  8.147   47.565 
211    1      0      17.671  13.271  41.765 
212    1      0      17.389  11.85   41.011 
213    2      0      18.054  12.374  41.543 
214    1      0      12.637  20.024  16.001 
215    1      0      11.578  20.753  14.994 
216    2      0      11.677  20.08   15.727 
217    1      0      5.074   -0.0    44.064 
218    1      0      6.707   -0.0    44.084 
219    2      0      5.891   0.577   44.073 
220    1      0      3.972   8.137   49.419 
221    1      0      3.192   9.449   50.0   
222    2      0      3.547   8.543   50.228 
223    1      0      2.443   0.917   20.931 
224    1      0      0.993   0.899   20.179 
225    2      0      1.74    0.332   20.526 
226    1      0      17.767  15.597  21.795 
227    1      0      18.876  14.544  22.366 
228    2      0      18.216  15.25   22.618 
229    1      0      18.378  12.469  21.831 
230    1      0      17.329  13.533  21.172 
231    2      0      17.892  12.727  20.995 
232    1      0      6.674   3.36    22.151 
233    1      0      5.301   3.606   21.303 
234    2      0      5.989   2.93    21.564 
235    1      0      9.234   20.651  23.332 
236    1      0      7.982   21.625  22.943 
237    2      0      8.978   21.541  22.953 
238    1      0      4.797   21.622  28.185 
239    1      0      3.847   21.622  29.514 
240    2      0      4.611   21.167  29.057 
241    1      0      13.638  14.039  30.185 
242    1      0      13.645  14.645  28.668 
243    2      0      13.136  14.085  29.321 
244    1      0      0.418   2.929   32.575 
245    1      0      0.592   1.305   32.557 
246    2      0      -0.069  2.055   32.577 
247    1      0      5.85    9.112   12.168 
248    1      0      4.443   9.627   11.519 
249    2      0      4.942   8.83    11.857 
250    1      0      8.191   7.403   18.846 
251    1      0      7.686   8.821   19.48  
252    2      0      7.444   7.864   19.326 
253    1      0      11.547  21.622  36.545 
254    1      0      11.533  20.013  36.265 
255    2      0      11.152  20.747  36.827 
256    1      0      7.257   19.504  19.986 
257    1      0      7.346   20.763  21.022 
258    2      0      6.749   20.261  20.397 
259    1      0      17.047  8.121   37.636 
260    1      0      17.495  6.719   38.342 
261    2      0      16.804  7.16    37.77  
262    1      0      11.066  9.599   11.174 
263    1      0      11.05   8.169   10.385 
264    2      0      10.497  8.954   10.663 
265    1      0      15.827  19.177  18.057 
266    1      0      17.437  19.445  18.091 
267    2      0      16.727  18.742  18.081 
268    1      0      8.232   4.948   21.437 
269    1      0      7.818   3.822   20.329 
270    2      0      8.458   4.049   21.063 
271    1      0      10.625  6.554   20.448 
272    1      0      10.584  5.139   21.263 
273    2      0      10.114  5.705   20.586 
274    1      0      6.95    1.223   30.972 
275    1      0      7.547   0.0     31.876 
276    2      0      6.841   0.259   31.218 
277    1      0      11.665  11.827  34.433 
278    1      0      12.601  11.285  35.656 
279    2      0      12.047  11.013  34.871 
280    1      0      4.725   13.348  10.199 
281    1      0      4.846   11.745  10.486 
282    2      0      4.926   12.655  10.892 
283    1      0      18.571  4.579   28.77  
284    1      0      17.716  4.414   30.151 
285    2      0      18.512  4.848   29.731 
286    1      0      17.603  -0.0    29.33  
287    1      0      15.971  0.005   29.382 
288    2      0      16.802  -0.247  29.876 
289    1      0      5.58    9.706   44.132 
290    1      0      6.16    8.59    43.09  
291    2      0      6.401   9.363   43.676 
292    1      0      6.476   9.393   17.657 
293    1      0      6.814   7.872   17.166 
294    2      0      7.198   8.779   17.336 
295    1      0      9.185   2.773   37.929 
296    1      0      10.378  2.043   38.771 
297    2      0      9.923   2.914   38.589 
298    1      0      9.068   6.229   31.927 
299    1      0      7.609   6.668   32.517 
300    2      0      8.118   5.943   32.052 
301    1      0      19.128  4.36    13.887 
302    1      0      19.463  5.881   13.397 
303    2      0      19.488  5.249   14.17  
304    1      0      10.032  2.379   27.768 
305    1      0      10.375  2.084   29.337 
306    2      0      10.681  1.948   28.396 
307    1      0      14.118  17.238  47.307 
308    1      0      15.378  17.425  46.285 
309    2      0      15.017  16.886  47.045 
310    1      0      2.383   16.555  35.287 
311    1      0      2.76    17.897  36.138 
312    2      0      2.029   17.257  35.906 
313    1      0      15.203  3.369   28.895 
314    1      0      16.233  3.301   27.629 
315    2      0      15.516  3.84    28.07  
316    1      0      19.595  13.053  44.332 
317    1      0      18.016  12.987  43.918 
318    2      0      18.842  12.446  44.074 
319    1      0      2.222   10.679  19.898 
320    1      0      1.879   12.202  20.377 
321    2      0      2.334   11.35   20.632 
322    1      0      6.124   9.22    27.288 
323    1      0      5.4     10.395  28.161 
324    2      0      6.275   9.97    27.932 
325    1      0      16.166  18.082  14.157 
326    1      0      15.605  18.883  15.465 
327    2      0      15.449  18.691  14.497 
328    1      0      9.136   21.624  40.017 
329    1      0      10.197  21.621  38.776 
330    2      0      9.523   22.167  39.272 
331    1      0      9.814   6.755   33.929 
332    1      0      10.509  8.232   33.941 
333    2      0      9.734   7.698   33.605 
334    1      0      1.665   11.857  48.084 
335    1      0      3.005   12.78   47.946 
336    2      0      2.502   12.156  48.543 
337    1      0      19.443  13.977  25.93  
338    1      0      17.953  13.31   25.971 
339    2      0      18.58   13.874  25.435 
340    1      0      7.535   3.872   35.84  
341    1      0      8.713   2.917   35.234 
342    2      0      8.458   3.518   35.991 
343    1      0      2.457   7.208   31.671 
344    1      0      1.903   8.543   30.91  
345    2      0      2.148   8.151   31.796 
346    1      0      11.969  20.417  47.469 
347    1      0      13.061  19.203  47.457 
348    2      0      12.097  19.435  47.331 
349    1      0      10.767  10.007  23.294 
350    1      0      10.707  8.375   23.308 
351    2      0      10.16   9.212   23.307 
352    1      0      10.238  10.034  49.045 
353    1      0      9.297   8.912   48.322 
354    2      0      9.504   9.369   49.186 
355    1      0      17.926  -0.008  20.06  
356    1      0      17.114  -0.005  18.643 
357    2      0      17.924  0.335   19.12  
358    1      0      9.735   2.772   18.878 
359    1      0      11.179  2.054   19.132 
360    2      0      10.489  2.66    19.526 
361    1      0      14.493  12.185  24.323 
362    1      0      14.851  13.505  25.215 
363    2      0      14.46   13.184  24.353 
364    1      0      3.964   3.153   37.48  
365    1      0      2.745   2.193   37.988 
366    2      0      3.549   2.712   38.276 
367    1      0      10.041  14.186  35.96  
368    1      0      8.563   14.706  36.42  
369    2      0      9.367   14.181  36.698 
370    1      0      1.02    4.259   27.798 
371    1      0      0.081   3.013   27.313 
372    2      0      0.473   3.48    28.106 
373    1      0      18.469  8.426   26.145 
374    1      0      19.664  7.616   25.382 
375    2      0      19.125  8.457   25.391 
376    1      0      3.457   16.294  28.182 
377    1      0      4.314   15.243  29.092 
378    2      0      3.647   15.986  29.115 
379    1      0      14.858  5.91    24.764 
380    1      0      13.644  4.937   24.27  
381    2      0      13.902  5.881   24.472 
382    1      0      3.047   8.983   27.499 
383    1      0      4.125   9.704   26.507 
384    2      0      3.232   9.796   26.946 
385    1      0      9.12    13.548  22.027 
386    1      0      8.059   14.789  22.04  
387    2      0      9.025   14.541  22.099 
388    1      0      3.203   17.762  17.63  
389    1      0      3.427   19.21   16.907 
390    2      0      3.819   18.303  17.056 
391    1      0      -0.0    4.607   46.946 
392    1      0      1.315   5.493   46.556 
393    2      0      0.33    5.525   46.725 
394    1      0      4.162   16.492  46.496 
395    1      0      3.662   15.215  45.611 
396    2      0      4.441   15.801  45.83  
397    1      0      0.448   2.227   48.495 
398    1      0      0.612   2.492   46.892 
399    2      0      -0.039  2.44    47.648 
400    1      0      1.173   18.357  27.792 
401    1      0      1.198   18.366  26.159 
402    2      0      1.751   18.247  26.983 
403    1      0      13.163  16.589  10.133 
404    1      0      14.511  16.927  10.991 
405    2      0      13.576  17.218  10.793 
406    1      0      6.622   5.9     20.278 
407    1      0      5.115   5.349   19.974 
408    2      0      5.898   5.838   19.591 
409    1      0      13.845  0.949   27.723 
410    1      0      13.154  0.19    26.454 
411    2      0      13.518  1.06    26.785 
412    1      0      16.499  11.297  17.64  
413    1      0      15.674  9.917   17.921 
414    2      0      15.596  10.869  17.627 
415    1      0      19.627  6.292   36.263 
416    1      0      18.015  6.032   36.316 
417    2      0      18.731  6.729   36.348 
418    1      0      6.544   14.693  27.661 
419    1      0      6.459   15.708  28.937 
420    2      0      6.722   15.625  27.977 
421    1      0      1.005   0.35    47.202 
422    1      0      2.61    0.051   47.224 
423    2      0      1.911   0.762   47.298 
424    1      0      17.485  2.83    44.366 
425    1      0      17.136  1.271   44.027 
426    2      0      17.862  1.957   44.057 
427    1      0      15.03   19.269  20.106 
428    1      0      15.314  20.658  20.917 
429    2      0      14.61   20.009  20.632 
430    1      0      16.097  19.077  47.6   
431    1      0      17.397  18.218  47.112 
432    2      0      17.067  19.128  47.36  
433    1      0      13.896  18.423  22.055 
434    1      0      14.459  17.067  22.77  
435    2      0      13.729  17.448  22.203 
436    1      0      14.666  17.671  35.091 
437    1      0      13.266  17.316  35.852 
438    2      0      14.206  17.017  35.692 
439    1      0      -0.0    2.563   35.96  
440    1      0      1.166   3.391   35.17  
441    2      0      0.499   3.429   35.914 
442    1      0      12.451  12.1    32.358 
443    1      0      11.608  11.194  31.293 
444    2      0      11.783  11.362  32.263 
445    1      0      14.073  8.789   27.411 
446    1      0      13.721  10.171  28.208 
447    2      0      13.706  9.715   27.318 
448    1      0      18.114  2.165   27.728 
449    1      0      19.664  2.555   28.061 
450    2      0      19.054  2.135   27.389 
451    1      0      4.54    13.719  15.39  
452    1      0      6.075   14.237  15.596 
453    2      0      5.137   14.521  15.401 
454    1      0      11.601  17.665  41.284 
455    1      0      10.352  18.355  42.078 
456    2      0      10.609  17.654  41.414 
457    1      0      17.919  7.775   12.542 
458    1      0      17.573  6.199   12.291 
459    2      0      17.182  7.109   12.426 
460    1      0      10.882  18.736  44.562 
461    1      0      11.901  19.981  44.84  
462    2      0      10.974  19.732  44.562 
463    1      0      15.969  20.209  23.328 
464    1      0      15.957  18.576  23.335 
465    2      0      15.386  19.396  23.347 
466    1      0      3.865   -0.0    36.513 
467    1      0      2.355   0.622   36.498 
468    2      0      3.058   0.173   35.948 
469    1      0      0.936   5.745   29.418 
470    1      0      2.178   5.416   30.426 
471    2      0      1.296   5.878   30.341 
472    1      0      3.144   0.633   27.536 
473    1      0      4.153   0.491   26.26  
474    2      0      4.046   0.319   27.239 
475    1      0      11.147  3.351   40.364 
476    1      0      10.606  4.891   40.325 
477    2      0      11.42   4.312   40.305 
478    1      0      16.725  21.14   19.3   
479    1      0      18.08   21.573  18.498 
480    2      0      17.635  21.546  19.392 
481    1      0      1.605   19.015  11.058 
482    1      0      1.582   18.928  12.689 
483    2      0      2.146   19.136  11.89  
484    1      0      8.747   14.44   27.259 
485    1      0      10.205  13.704  27.225 
486    2      0      9.22    13.56   27.312 
487    1      0      1.665   12.473  17.803 
488    1      0      0.831   13.818  17.399 
489    2      0      0.756   12.845  17.616 
490    1      0      12.613  14.754  16.293 
491    1      0      11.957  14.336  17.729 
492    2      0      12.442  15.055  17.231 
493    1      0      12.328  12.662  47.76  
494    1      0      11.049  12.017  48.545 
495    2      0      11.74   12.739  48.566 
496    1      0      5.136   4.365   23.363 
497    1      0      4.968   2.746   23.505 
498    2      0      4.478   3.615   23.44  
499    1      0      7.294   10.298  46.972 
500    1      0      7.558   11.856  47.385 
501    2      0      7.915   11.076  46.871 
502    1      0      6.434   18.252  41.166 
503    1      0      5.574   17.324  42.197 
504    2      0      5.838   17.453  41.242 
505    1      0      2.918   0.372   33.618 
506    1      0      2.348   1.897   33.743 
507    2      0      3.065   1.267   34.039 
508    1      0      16.116  12.92   33.828 
509    1      0      17.705  13.26   33.993 
510    2      0      16.788  13.653  33.935 
511    1      0      10.922  19.69   50.001 
512    1      0      12.479  19.74   49.509 
513    2      0      11.681  20.292  49.748 
514    1      0      7.401   -0.0    37.559 
515    1      0      5.896   0.513   37.184 
516    2      0      6.864   0.573   36.939 
517    1      0      3.147   2.881   41.33  
518    1      0      3.612   4.325   40.726 
519    2      0      2.861   3.669   40.785 
520    1      0      6.833   21.626  27.352 
521    1      0      6.777   20.881  28.804 
522    2      0      7.291   20.968  27.951 
523    1      0      4.384   2.442   27.704 
524    1      0      2.862   3.032   27.741 
525    2      0      3.671   2.899   27.171 
526    1      0      5.569   6.78    10.989 
527    1      0      6.593   5.98    10.0   
528    2      0      6.392   6.861   10.426 
529    1      0      15.925  11.832  27.314 
530    1      0      15.632  13.438  27.27  
531    2      0      16.317  12.739  27.473 
532    1      0      11.686  21.104  19.343 
533    1      0      10.192  20.61   18.909 
534    2      0      11.07   20.318  19.284 
535    1      0      15.027  9.843   34.972 
536    1      0      14.683  11.439  34.962 
537    2      0      15.385  10.757  35.164 
538    1      0      15.206  1.558   40.331 
539    1      0      15.149  2.37    38.915 
540    2      0      15.68   1.727   39.467 
541    1      0      15.331  2.666   36.743 
542    1      0      13.826  2.048   36.603 
543    2      0      14.799  1.825   36.637 
544    1      0      6.609   -0.001  34.134 
545    1      0      8.206   0.243   34.376 
546    2      0      7.521   -0.402  34.038 
547    1      0      2.166   19.038  37.93  
548    1      0      0.614   18.56   37.764 
549    2      0      1.514   18.302  38.113 
550    1      0      0.0     8.379   46.434 
551    1      0      1.414   7.656   46.053 
552    2      0      0.419   7.598   45.971 
553    1      0      1.692   9.206   18.353 
554    1      0      3.295   9.515   18.371 
555    2      0      2.603   8.794   18.364 
556    1      0      19.665  6.68    27.373 
557    1      0      18.044  6.78    27.546 
558    2      0      18.785  6.368   27.016 
559    1      0      11.125  4.628   30.032 
560    1      0      11.06   4.198   28.458 
561    2      0      10.534  4.278   29.305 
562    1      0      12.387  1.376   29.875 
563    1      0      12.839  -0.002  30.627 
564    2      0      12.17   0.408   30.008 
565    1      0      8.566   20.291  17.434 
566    1      0      8.537   18.955  16.495 
567    2      0      8.093   19.428  17.255 
568    1      0      0.931   14.47   41.204 
569    1      0      2.336   14.105  40.457 
570    2      0      1.516   13.725  40.885 
571    1      0      7.712   21.624  37.685 
572    1      0      8.873   20.507  37.418 
573    2      0      7.893   20.693  37.368 
574    1      0      13.591  15.489  46.034 
575    1      0      14.191  14.883  47.427 
576    2      0      13.539  14.731  46.684 
577    1      0      5.281   -0.0    46.254 
578    1      0      6.914   -0.0    46.274 
579    2      0      6.098   -0.577  46.257 
580    1      0      13.219  14.952  22.999 
581    1      0      12.065  15.985  22.483 
582    2      0      12.238  15.072  22.851 
583    1      0      6.977   2.18    38.438 
584    1      0      6.133   2.887   37.231 
585    2      0      6.997   2.891   37.734 
586    1      0      4.626   19.457  37.73  
587    1      0      5.001   18.242  38.755 
588    2      0      4.312   18.591  38.121 
589    1      0      4.664   14.93   37.002 
590    1      0      3.87    13.532  37.286 
591    2      0      4.768   13.945  37.139 
592    1      0      19.377  8.827   29.483 
593    1      0      19.149  9.433   27.984 
594    2      0      19.636  9.556   28.848 
595    1      0      9.898   4.723   24.39  
596    1      0      9.85    5.851   23.21  
597    2      0      9.78    4.874   23.409 
598    1      0      16.862  13.613  30.728 
599    1      0      17.989  14.721  31.138 
600    2      0      17.815  13.747  31.001 
601    1      0      16.831  5.745   40.23  
602    1      0      15.905  4.825   41.211 
603    2      0      16.807  5.238   41.092 
604    1      0      15.154  9.587   30.077 
605    1      0      15.38   8.557   31.324 
606    2      0      15.364  8.642   30.328 
607    1      0      19.133  17.257  35.576 
608    1      0      19.664  15.734  35.829 
609    2      0      19.944  16.679  35.664 
610    1      0      0.323   6.73    13.471 
611    1      0      -0.0    8.316   13.688 
612    2      0      0.688   7.6     13.803 
613    1      0      13.991  6.802   39.313 
614    1      0      12.788  6.774   38.209 
615    2      0      13.366  6.213   38.8   
616    1      0      3.623   10.305  32.701 
617    1      0      4.993   9.631   33.279 
618    2      0      4.157   9.461   32.759 
619    1      0      1.591   19.945  48.006 
620    1      0      2.833   18.898  47.842 
621    2      0      2.586   19.86   47.949 
622    1      0      18.2    18.535  10.289 
623    1      0      17.722  20.069  10.0   
624    2      0      17.467  19.202  10.425 
625    1      0      2.981   6.968   14.127 
626    1      0      2.86    5.34    14.16  
627    2      0      2.345   6.197   14.155 
628    1      0      9.495   0.632   37.323 
629    1      0      10.299  0.188   35.973 
630    2      0      9.436   0.546   36.328 
631    1      0      2.311   5.955   35.422 
632    1      0      0.746   6.257   35.066 
633    2      0      1.468   5.566   35.048 
634    1      0      1.095   17.6    48.819 
635    1      0      -0.0    18.797  49.005 
636    2      0      0.211   17.953  48.513 
637    1      0      17.035  5.153   26.463 
638    1      0      16.053  6.44    26.674 
639    2      0      16.095  5.442   26.645 
640    1      0      5.766   0.722   23.176 
641    1      0      4.157   0.791   22.906 
642    2      0      4.883   0.306   23.393 
643    1      0      6.732   8.263   37.386 
644    1      0      8.208   8.022   38.042 
645    2      0      7.69    8.053   37.188 
646    1      0      11.177  14.586  38.59  
647    1      0      10.027  13.432  38.695 
648    2      0      10.216  14.407  38.801 
649    1      0      3.022   4.83    38.546 
650    1      0      2.542   6.076   37.607 
651    2      0      2.427   5.1     37.789 
652    1      0      1.226   19.586  23.593 
653    1      0      0.128   18.376  23.607 
654    2      0      1.103   18.594  23.645 
655    1      0      12.456  16.454  29.078 
656    1      0      13.319  17.611  29.842 
657    2      0      12.457  17.408  29.378 
658    1      0      2.264   11.187  37.319 
659    1      0      1.33    9.847   37.323 
660    2      0      2.27    10.186  37.323 
661    1      0      6.281   15.587  21.019 
662    1      0      5.838   14.039  21.292 
663    2      0      5.504   14.967  21.131 
664    1      0      5.984   5.229   31.309 
665    1      0      4.492   5.346   30.654 
666    2      0      5.022   4.976   31.416 
667    1      0      4.064   5.071   16.143 
668    1      0      4.376   6.674   16.159 
669    2      0      3.655   5.984   16.108 
670    1      0      10.16   11.593  11.42  
671    1      0      8.67    12.253  11.52  
672    2      0      9.647   12.451  11.437 
673    1      0      13.97   5.285   36.901 
674    1      0      12.468  5.627   36.36  
675    2      0      13.424  5.511   36.094 
676    1      0      12.833  0.905   24.015 
677    1      0      14.11   0.0     24.482 
678    2      0      13.75   0.93    24.414 
679    1      0      14.653  12.437  21.16  
680    1      0      16.02   11.573  20.933 
681    2      0      15.121  11.793  20.555 
682    1      0      10.137  16.469  31.849 
683    1      0      11.511  17.329  31.654 
684    2      0      11.121  16.409  31.683 
685    1      0      16.852  2.058   29.53  
686    1      0      17.497  1.549   30.941 
687    2      0      17.574  2.219   30.203 
688    1      0      2.944   8.754   47.189 
689    1      0      3.503   7.26    46.839 
690    2      0      3.739   8.149   47.23  
691    1      0      8.16    19.058  45.619 
692    1      0      6.773   18.821  46.448 
693    2      0      7.309   18.533  45.655 
694    1      0      8.92    21.622  48.808 
695    1      0      7.505   21.622  47.993 
696    2      0      8.28    21.061  48.281 
697    1      0      7.965   4.321   33.714 
698    1      0      6.507   5.0     33.435 
699    2      0      7.336   5.047   33.991 
700    1      0      6.626   7.998   49.871 
701    1      0      7.412   9.43    49.863 
702    2      0      7.218   8.602   49.337 
703    1      0      9.236   8.011   21.712 
704    1      0      7.703   7.499   21.48  
705    2      0      8.664   7.316   21.276 
706    1      0      9.892   10.907  15.824 
707    1      0      10.264  9.343   15.54  
708    2      0      9.573   10.053  15.412 
709    1      0      11.834  6.432   23.962 
710    1      0      11.403  7.403   25.202 
711    2      0      11.252  6.514   24.771 
712    1      0      16.61   18.678  31.031 
713    1      0      18.21   19.0    30.965 
714    2      0      17.305  19.389  31.139 
715    1      0      10.9    -0.0    46.57  
716    1      0      12.466  0.347   46.266 
717    2      0      11.564  0.737   46.448 
718    1      0      15.475  17.334  42.857 
719    1      0      15.405  15.703  42.848 
720    2      0      14.864  16.543  42.856 
721    1      0      7.862   3.757   31.589 
722    1      0      9.434   3.64    31.163 
723    2      0      8.607   3.123   31.383 
724    1      0      9.305   2.318   10.308 
725    1      0      9.832   0.78    10.456 
726    2      0      10.113  1.728   10.314 
727    1      0      8.317   11.146  24.128 
728    1      0      9.359   12.378  23.874 
729    2      0      9.282   11.41   24.11  
730    1      0      1.352   21.622  22.051 
731    1      0      2.497   20.46   21.979 
732    2      0      1.652   20.799  21.567 
733    1      0      16.681  9.321   43.865 
734    1      0      15.356  9.066   42.946 
735    2      0      15.93   9.763   43.374 
736    1      0      6.939   19.976  50.0   
737    1      0      5.918   21.251  50.0   
738    2      0      6.879   20.975  50.0   
739    1      0      12.326  16.205  14.366 
740    1      0      12.726  16.051  12.79  
741    2      0      12.128  16.521  13.438 
742    1      0      17.395  1.971   17.327 
743    1      0      18.226  2.97    16.338 
744    2      0      17.391  2.429   16.438 
745    1      0      17.183  8.174   24.377 
746    1      0      17.527  6.665   24.9   
747    2      0      16.807  7.352   24.806 
748    1      0      15.517  13.545  46.253 
749    1      0      14.211  12.636  46.622 
750    2      0      15.207  12.639  46.542 
751    1      0      3.257   0.268   38.922 
752    1      0      4.721   0.989   38.982 
753    2      0      4.245   0.112   38.946 
754    1      0      12.803  0.222   19.75  
755    1      0      14.139  0.921   20.375 
756    2      0      13.501  0.158   20.463 
757    1      0      5.093   0.006   41.864 
758    1      0      3.968   0.86    41.045 
759    2      0      4.145   0.325   41.87  
760    1      0      9.493   6.248   42.381 
761    1      0      7.86    6.283   42.409 
762    2      0      8.684   6.201   42.968 
763    1      0      12.051  3.653   12.65  
764    1      0      11.57   2.309   11.856 
765    2      0      12.16   2.661   12.582 
766    1      0      4.851   7.585   31.594 
767    1      0      4.054   8.449   30.461 
768    2      0      4.403   7.544   30.701 
769    1      0      17.964  16.145  45.385 
770    1      0      18.838  16.282  46.758 
771    2      0      18.881  16.28   45.759 
772    1      0      3.735   2.21    32.064 
773    1      0      2.513   3.291   32.007 
774    2      0      3.505   3.183   32.059 
775    1      0      18.062  4.465   38.933 
776    1      0      19.03   3.165   39.129 
777    2      0      19.011  4.153   38.982 
778    1      0      18.533  20.865  14.659 
779    1      0      19.561  19.614  14.45  
780    2      0      18.615  19.918  14.346 
781    1      0      2.219   14.497  12.879 
782    1      0      3.347   13.625  12.083 
783    2      0      2.382   13.884  12.106 
784    1      0      3.851   10.294  45.906 
785    1      0      5.064   11.267  46.404 
786    2      0      4.527   10.971  45.615 
787    1      0      5.226   17.197  10.0   
788    1      0      6.646   16.667  10.607 
789    2      0      6.2     17.071  9.81   
790    1      0      2.457   14.438  15.108 
791    1      0      0.842   14.612  14.937 
792    2      0      1.589   13.951  15.01  
793    1      0      16.9    7.45    29.301 
794    1      0      18.067  6.998   30.35  
795    2      0      17.524  7.767   30.015 
796    1      0      7.066   1.642   42.548 
797    1      0      7.97    1.977   43.866 
798    2      0      7.151   2.23    43.352 
799    1      0      1.896   -0.002  30.761 
800    1      0      0.545   -0.002  29.844 
801    2      0      0.94    -0.293  30.714 
802    1      0      4.926   18.748  43.744 
803    1      0      4.961   18.243  45.296 
804    2      0      5.279   18.944  44.659 
805    1      0      17.332  18.504  20.186 
806    1      0      16.966  19.344  21.537 
807    2      0      16.846  18.475  21.059 
808    1      0      4.024   11.352  12.819 
809    1      0      3.487   9.961   13.486 
810    2      0      3.213   10.85   13.12  
811    1      0      4.994   2.87    42.588 
812    1      0      4.549   4.435   42.734 
813    2      0      5.24    3.814   42.365 
814    1      0      6.724   6.285   15.646 
815    1      0      7.422   5.297   16.742 
816    2      0      6.705   5.371   16.05  
817    1      0      5.387   18.625  19.231 
818    1      0      4.657   20.074  19.045 
819    2      0      4.533   19.084  18.984 
820    1      0      18.347  10.613  30.284 
821    1      0      19.664  11.567  30.139 
822    2      0      18.745  11.387  29.791 
823    1      0      2.751   10.894  10.0   
824    1      0      1.777   11.01   11.305 
825    2      0      2.722   11.06   10.986 
826    1      0      14.136  19.466  36.248 
827    1      0      15.237  20.529  35.68  
828    2      0      15.104  19.606  36.04  
829    1      0      9.246   2.71    25.554 
830    1      0      8.238   1.645   26.272 
831    2      0      8.497   2.608   26.209 
832    1      0      2.786   19.201  43.976 
833    1      0      1.817   19.386  45.278 
834    2      0      2.103   18.756  44.556 
835    1      0      5.66    20.395  39.503 
836    1      0      7.287   20.529  39.545 
837    2      0      6.492   20.099  39.972 
838    1      0      4.529   1.517   19.676 
839    1      0      4.224   0.016   19.108 
840    2      0      4.534   0.934   18.862 
841    1      0      9.534   12.588  18.136 
842    1      0      9.812   14.003  17.37  
843    2      0      9.713   13.016  17.25  
844    1      0      3.257   15.607  17.193 
845    1      0      2.446   14.905  18.424 
846    2      0      2.397   15.596  17.703 
847    1      0      15.323  10.523  25.602 
848    1      0      15.268  8.894   25.499 
849    2      0      15.835  9.677   25.752 
850    1      0      9.453   9.522   18.372 
851    1      0      10.23   9.348   19.797 
852    2      0      10.079  8.944   18.896 
853    1      0      10.997  14.324  42.378 
854    1      0      11.922  15.632  42.061 
855    2      0      11.824  14.822  42.638 
856    1      0      2.664   12.826  42.535 
857    1      0      2.953   11.697  41.392 
858    2      0      3.129   11.963  42.338 
859    1      0      4.666   11.555  36.742 
860    1      0      6.22    11.631  36.244 
861    2      0      5.266   11.644  35.946 
862    1      0      15.21   20.077  41.294 
863    1      0      15.824  21.441  40.639 
864    2      0      15.494  20.518  40.442 
865    1      0      -0.0    12.68   13.943 
866    1      0      0.353   12.7    12.348 
867    2      0      0.652   12.999  13.254 
868    1      0      5.622   9.656   48.25  
869    1      0      4.574   10.881  48.514 
870    2      0      5.003   10.072  48.916 
871    1      0      -0.001  8.62    32.537 
872    1      0      0.241   7.046   32.9   
873    2      0      0.441   7.986   33.173 
874    1      0      13.608  -0.0    48.386 
875    1      0      15.191  0.401   48.405 
876    2      0      14.259  0.76    48.403 
877    1      0      6.774   11.073  25.693 
878    1      0      7.851   11.125  26.919 
879    2      0      7.476   10.559  26.186 
880    1      0      14.289  2.226   42.244 
881    1      0      14.577  0.78    42.946 
882    2      0      14.824  1.748   42.942 
883    1      0      -0.003  17.058  20.307 
884    1      0      -0.004  15.425  20.289 
885    2      0      0.573   16.241  20.297 
886    1      0      -0.0    6.066   16.403 
887    1      0      1.44    6.824   16.27  
888    2      0      0.991   5.937   16.366 
889    1      0      13.977  10.441  33.133 
890    1      0      14.254  11.056  31.646 
891    2      0      14.561  11.051  32.597 
892    1      0      0.052   11.144  26.63  
893    1      0      -0.003  10.938  28.249 
894    2      0      -0.536  11.178  27.438 
895    1      0      0.684   17.976  31.604 
896    1      0      0.777   16.346  31.606 
897    2      0      0.155   17.128  31.61  
898    1      0      8.535   1.908   39.967 
899    1      0      8.242   0.302   40.024 
900    2      0      8.866   1.029   40.311 
901    1      0      5.572   8.7     25.125 
902    1      0      7.01    7.926   25.126 
903    2      0      6.565   8.821   25.127 
904    1      0      0.984   13.93   29.493 
905    1      0      0.956   12.362  29.949 
906    2      0      1.491   13.068  29.485 
907    1      0      19.255  14.888  33.687 
908    1      0      17.898  15.745  33.987 
909    2      0      18.873  15.808  33.778 
910    1      0      15.129  4.987   44.466 
911    1      0      15.62   3.701   43.587 
912    2      0      15.848  4.3     44.355 
913    1      0      0.064   12.51   44.604 
914    1      0      1.183   12.219  45.757 
915    2      0      0.926   12.823  45.003 
916    1      0      3.394   6.148   12.128 
917    1      0      2.708   7.562   11.683 
918    2      0      3.574   7.095   11.86  
919    1      0      7.913   9.115   23.086 
920    1      0      6.832   9.472   21.915 
921    2      0      7.147   9.707   22.834 
922    1      0      8.311   18.265  39.838 
923    1      0      9.413   19.463  39.708 
924    2      0      9.055   18.745  40.304 
925    1      0      11.324  2.157   21.715 
926    1      0      11.387  0.637   22.308 
927    2      0      11.886  1.334   21.795 
928    1      0      8.538   18.697  47.756 
929    1      0      10.116  18.779  48.168 
930    2      0      9.372   19.245  47.69  
931    1      0      9.471   8.985   35.733 
932    1      0      10.199  7.685   36.4   
933    2      0      9.429   7.992   35.842 
934    1      0      2.064   6.455   49.206 
935    1      0      1.353   7.912   49.01  
936    2      0      1.746   7.125   48.535 
937    1      0      10.691  3.268   33.722 
938    1      0      10.045  4.61    33.05  
939    2      0      10.237  4.139   33.911 
940    1      0      13.258  3.134   22.662 
941    1      0      14.248  1.872   22.357 
942    2      0      13.688  2.588   21.942 
943    1      0      1.017   0.959   15.406 
944    1      0      1.128   1.767   13.991 
945    2      0      1.613   1.171   14.631 
946    1      0      3.191   15.299  38.723 
947    1      0      2.566   15.549  37.235 
948    2      0      2.428   15.088  38.111 
949    1      0      19.25   18.162  42.704 
950    1      0      19.664  17.595  44.179 
951    2      0      19.551  17.356  43.215 
952    1      0      13.727  6.53    14.903 
953    1      0      14.988  5.492   14.917 
954    2      0      14.725  6.456   14.911 
955    1      0      13.061  19.083  38.193 
956    1      0      11.977  18.755  39.369 
957    2      0      12.2    19.37   38.614 
958    1      0      3.971   19.495  35.073 
959    1      0      5.305   20.147  35.754 
960    2      0      4.759   20.092  34.919 
961    1      0      9.181   0.28    28.937 
962    1      0      9.605   0.39    30.51  
963    2      0      8.836   0.35    29.873 
964    1      0      11.663  9.456   41.813 
965    1      0      13.22   9.101   42.153 
966    2      0      12.305  9.21    42.539 
967    1      0      11.147  9.862   13.356 
968    1      0      10.124  11.117  13.567 
969    2      0      11.06   10.795  13.706 
970    1      0      6.999   1.534   48.043 
971    1      0      5.411   1.906   47.976 
972    2      0      6.076   1.162   47.944 
973    1      0      3.711   5.336   21.765 
974    1      0      2.959   5.894   20.428 
975    2      0      3.49    6.154   21.233 
976    1      0      18.223  12.888  11.201 
977    1      0      19.533  13.57   11.897 
978    2      0      18.967  12.747  11.853 
979    1      0      1.327   5.736   40.246 
980    1      0      0.558   7.142   40.559 
981    2      0      1.033   6.61    39.859 
982    1      0      3.505   2.522   12.471 
983    1      0      2.36    3.417   13.216 
984    2      0      3.036   2.69    13.338 
985    1      0      14.225  20.979  48.035 
986    1      0      13.937  20.94   46.428 
987    2      0      14.081  21.536  47.217 
988    1      0      12.207  14.754  35.983 
989    1      0      12.259  15.873  37.172 
990    2      0      11.728  15.528  36.399 
991    1      0      10.266  18.617  35.132 
992    1      0      10.892  17.12   34.946 
993    2      0      10.164  17.652  35.377 
994    1      0      15.409  5.903   28.83  
995    1      0      14.227  6.679   28.014 
996    2      0      14.454  5.857   28.535 
997    1      0      18.201  9.393   49.626 
998    1      0      16.754  8.736   50.0   
999    2      0      17.707  8.537   49.773 
1000   1      0      11.264  7.158   15.107 
1001   1      0      12.157  8.475   14.743 
1002   2      0      11.882  7.853   15.475 
1003   1      0      19.515  20.517  20.39  
1004   1      0      18.977  21.159  21.791 
1005   2      0      18.812  20.458  21.099 
1006   1      0      18.582  -0.025  34.121 
1007   1      0      17.32   0.436   33.192 
1008   2      0      17.612  0.218   34.123 
1009   1      0      12.821  8.186   12.542 
1010   1      0      14.114  9.153   12.787 
1011   2      0      13.125  9.134   12.643 
1012   1      0      3.944   20.363  49.604 
1013   1      0      4.923   19.099  49.936 
1014   2      0      3.987   19.37   49.713 
1015   1      0      19.664  0.228   43.467 
1016   1      0      19.664  0.521   45.074 
1017   2      0      19.125  0.173   44.308 
1018   1      0      15.365  21.066  11.336 
1019   1      0      15.092  19.485  11.642 
1020   2      0      15.796  20.174  11.475 
1021   1      0      1.439   11.329  39.838 
1022   1      0      0.452   10.032  39.738 
1023   2      0      1.404   10.331  39.789 
1024   1      0      16.183  2.888   23.402 
1025   1      0      15.559  4.395   23.333 
1026   2      0      15.343  3.427   23.46  
1027   1      0      4.705   21.112  12.243 
1028   1      0      5.553   20.056  13.155 
1029   2      0      5.081   20.936  13.153 
1030   1      0      13.283  5.417   40.868 
1031   1      0      13.146  4.032   41.722 
1032   2      0      13.725  4.549   41.093 
1033   1      0      19.664  14.805  38.396 
1034   1      0      19.636  14.612  40.017 
1035   2      0      19.578  15.277  39.274 
1036   1      0      4.977   3.572   14.011 
1037   1      0      5.756   2.543   15.012 
1038   2      0      5.35    3.453   14.931 
1039   1      0      3.275   6.71    18.149 
1040   1      0      4.694   7.518   18.165 
1041   2      0      4.18    6.764   18.572 
1042   1      0      13.445  13.104  27.003 
1043   1      0      14.038  12.345  28.322 
1044   2      0      13.759  12.228  27.37  
1045   1      0      12.02   14.605  32.564 
1046   1      0      13.38   13.953  33.191 
1047   2      0      12.934  14.26   32.351 
1048   1      0      4.622   3.663   10.914 
1049   1      0      5.628   4.646   11.744 
1050   2      0      4.706   4.55    11.37  
1051   1      0      7.522   12.861  17.05  
1052   1      0      7.009   14.196  17.838 
1053   2      0      7.615   13.855  17.12  
1054   1      0      10.869  13.322  25.164 
1055   1      0      12.397  13.819  24.87  
1056   2      0      11.432  14.077  24.827 
1057   1      0      17.304  1.538   40.992 
1058   1      0      18.687  0.897   41.58  
1059   2      0      17.819  1.329   41.824 
1060   1      0      17.64   11.652  45.736 
1061   1      0      17.989  13.035  46.532 
1062   2      0      17.372  12.25   46.492 
1063   1      0      3.795   19.61   27.651 
1064   1      0      4.026   19.039  29.163 
1065   2      0      3.358   19.435  28.534 
1066   1      0      17.229  0.289   38.859 
1067   1      0      16.201  0.429   37.598 
1068   2      0      16.675  -0.216  38.197 
1069   1      0      14.618  20.082  44.186 
1070   1      0      14.181  21.62   43.856 
1071   2      0      14.922  21.034  44.183 
1072   1      0      4.519   7.918   20.415 
1073   1      0      5.276   7.918   21.862 
1074   2      0      5.39    8.073   20.881 
1075   1      0      12.825  9.385   31.585 
1076   1      0      12.29   8.968   30.099 
1077   2      0      12.939  9.538   30.603 
1078   1      0      14.022  1.305   12.873 
1079   1      0      13.568  0.939   14.398 
1080   2      0      13.371  0.789   13.43  
1081   1      0      1.728   4.043   24.737 
1082   1      0      0.454   4.438   25.679 
1083   2      0      1.405   4.654   25.461 
1084   1      0      10.749  16.489  18.184 
1085   1      0      11.525  15.711  19.392 
1086   2      0      11.549  16.504  18.785 
1087   1      0      10.179  9.968   43.491 
1088   1      0      8.947   9.461   42.546 
1089   2      0      9.58    9.197   43.273 
1090   1      0      1.031   9.127   15.857 
1091   1      0      2.432   9.794   16.367 
1092   2      0      1.99    8.946   16.076 
1093   1      0      9.259   0.344   21.554 
1094   1      0      8.484   1.489   22.423 
1095   2      0      9.318   1.275   21.916 
1096   1      0      8.217   15.142  10.39  
1097   1      0      9.685   14.433  10.483 
1098   2      0      9.031   14.877  9.872  
1099   1      0      0.002   14.586  48.077 
1100   1      0      1.307   14.156  47.196 
1101   2      0      0.698   13.881  47.938 
1102   1      0      15.182  8.011   23.477 
1103   1      0      13.559  7.858   23.57  
1104   2      0      14.317  8.508   23.552 
1105   1      0      10.719  13.197  31.485 
1106   1      0      11.077  13.271  29.893 
1107   2      0      11.451  13.336  30.818 
1108   1      0      16.823  11.621  15.161 
1109   1      0      18.301  11.912  14.529 
1110   2      0      17.354  11.675  14.315 
1111   1      0      19.673  17.179  22.823 
1112   1      0      19.664  18.792  23.077 
1113   2      0      19.401  18.064  22.445 
1114   1      0      12.561  8.173   40.27  
1115   1      0      11.719  6.78    40.141 
1116   2      0      11.659  7.777   40.096 
1117   1      0      1.528   17.069  29.554 
1118   1      0      1.317   15.87   28.465 
1119   2      0      0.851   16.547  29.034 
1120   1      0      10.468  15.826  26.711 
1121   1      0      9.799   16.359  28.102 
1122   2      0      9.745   16.394  27.105 
1123   1      0      5.45    12.304  27.069 
1124   1      0      4.78    12.546  28.538 
1125   2      0      5.571   12.742  27.96  
1126   1      0      16.439  21.622  27.152 
1127   1      0      17.946  21.178  26.708 
1128   2      0      17.264  21.134  27.437 
1129   1      0      3.385   21.622  32.852 
1130   1      0      5.014   21.586  32.954 
1131   2      0      4.202   21.07   32.683 
1132   1      0      14.42   21.622  38.871 
1133   1      0      12.897  21.622  38.282 
1134   2      0      13.553  21.125  38.849 
1135   1      0      14.292  8.549   48.707 
1136   1      0      14.069  8.319   47.106 
1137   2      0      13.858  8.913   47.883 
1138   1      0      19.403  18.266  28.168 
1139   1      0      19.666  17.9    29.738 
1140   2      0      20.075  18.28   28.909 
1141   1      0      18.428  12.77   28.109 
1142   1      0      19.664  11.745  27.811 
1143   2      0      19.342  12.685  27.711 
1144   1      0      4.182   8.769   15.514 
1145   1      0      4.619   9.91    16.598 
1146   2      0      4.508   8.928   16.447 
1147   1      0      4.367   6.847   41.591 
1148   1      0      3.308   6.933   42.832 
1149   2      0      4.276   6.88    42.587 
1150   1      0      15.39   14.508  19.392 
1151   1      0      15.867  13.028  18.894 
1152   2      0      16.068  14.006  18.854 
1153   1      0      3.78    10.555  22.611 
1154   1      0      5.077   10.076  23.481 
1155   2      0      4.717   10.208  22.558 
1156   1      0      1.513   8.921   42.034 
1157   1      0      1.282   10.527  42.218 
1158   2      0      1.93    9.824   41.927 
1159   1      0      1.397   3.65    49.888 
1160   1      0      3.013   3.862   50.0   
1161   2      0      2.283   3.185   49.91  
1162   1      0      14.312  12.407  16.719 
1163   1      0      13.857  13.269  18.03  
1164   2      0      14.096  13.322  17.061 
1165   1      0      15.23   21.126  33.562 
1166   1      0      16.17   19.8    33.399 
1167   2      0      15.238  20.154  33.325 
1168   1      0      18.186  13.519  49.949 
1169   1      0      18.608  13.975  48.439 
1170   2      0      18.534  13.201  49.067 
1171   1      0      17.306  11.992  32.227 
1172   1      0      16.423  10.996  31.28  
1173   2      0      17.059  11.039  32.05  
1174   1      0      6.713   18.746  37.468 
1175   1      0      8.232   18.435  36.955 
1176   2      0      7.648   18.542  37.759 
1177   1      0      13.045  9.828   16.241 
1178   1      0      14.491  10.412  15.757 
1179   2      0      13.659  9.946   15.46  
1180   1      0      6.729   7.054   30.331 
1181   1      0      6.351   8.186   29.217 
1182   2      0      6.491   8.015   30.192 
1183   1      0      10.901  12.278  36.637 
1184   1      0      9.342   12.019  36.227 
1185   2      0      10.169  11.598  36.599 
1186   1      0      18.787  7.2     22.998 
1187   1      0      18.892  8.827   22.91  
1188   2      0      19.415  7.977   22.953 
1189   1      0      5.8     5.048   37.476 
1190   1      0      5.885   6.146   36.271 
1191   2      0      5.266   5.624   36.857 
1192   1      0      12.449  16.026  24.915 
1193   1      0      11.846  17.268  25.787 
1194   2      0      12.425  16.454  25.819 
1195   1      0      8.303   15.257  13.452 
1196   1      0      6.954   15.371  12.538 
1197   2      0      7.637   15.888  13.053 
1198   1      0      16.361  9.272   33.159 
1199   1      0      17.89   8.7     33.119 
1200   2      0      16.923  8.446   33.121 
1201   1      0      8.458   13.961  19.476 
1202   1      0      9.36    15.322  19.438 
1203   2      0      8.621   14.846  19.914 
1204   1      0      3.181   21.173  46.278 
1205   1      0      4.399   20.089  46.352 
1206   2      0      3.723   20.517  45.753 
1207   1      0      13.144  13.456  38.454 
1208   1      0      13.312  12.967  36.904 
1209   2      0      12.668  13.315  37.585 
1210   1      0      13.718  16.139  18.723 
1211   1      0      15.256  16.54   18.35  
1212   2      0      14.451  16.801  18.881 
1213   1      0      8.59    4.209   39.766 
1214   1      0      7.492   5.144   39.001 
1215   2      0      8.465   4.928   39.083 
1216   1      0      8.637   14.076  48.186 
1217   1      0      7.372   15.052  47.849 
1218   2      0      7.639   14.142  48.164 
1219   1      0      15.233  15.83   33.396 
1220   1      0      16.136  14.996  32.32  
1221   2      0      15.262  15.023  32.805 
1222   1      0      9.864   21.617  45.829 
1223   1      0      8.318   21.622  45.304 
1224   2      0      9.113   21.047  45.497 
1225   1      0      11.818  8.085   47.232 
1226   1      0      11.266  7.916   48.759 
1227   2      0      11.56   8.573   48.066 
1228   1      0      0.992   2.463   41.472 
1229   1      0      1.704   1.023   41.179 
1230   2      0      0.83    1.49    41.308 
1231   1      0      11.856  4.101   25.241 
1232   1      0      12.949  2.929   24.929 
1233   2      0      11.989  3.116   25.134 
1234   1      0      9.657   18.517  27.676 
1235   1      0      10.413  19.381  28.836 
1236   2      0      10.307  18.473  28.434 
1237   1      0      1.77    1.846   24.802 
1238   1      0      3.251   2.487   25.051 
1239   2      0      2.716   1.643   25.058 
1240   1      0      7.292   20.04   34.817 
1241   1      0      6.76    18.566  35.276 
1242   2      0      7.555   19.087  34.965 
1243   1      0      16.301  6.764   45.812 
1244   1      0      15.656  8.226   45.473 
1245   2      0      15.982  7.367   45.08  
1246   1      0      -0.0    1.018   11.881 
1247   1      0      1.1     2.224   11.83  
1248   2      0      0.862   1.321   11.474 
1249   1      0      14.057  16.971  49.489 
1250   1      0      15.0    15.698  49.885 
1251   2      0      14.071  15.985  49.656 
1252   1      0      5.833   9.836   31.238 
1253   1      0      5.215   10.997  30.269 
1254   2      0      5.19    10.601  31.186 
1255   1      0      8.095   17.023  20.877 
1256   1      0      9.631   17.344  21.33  
1257   2      0      8.962   16.619  21.17  
1258   1      0      15.354  15.085  23.701 
1259   1      0      16.159  13.799  23.098 
1260   2      0      16.257  14.72   23.473 
1261   1      0      9.376   19.098  13.869 
1262   1      0      10.863  18.551  14.264 
1263   2      0      10.046  19.012  14.607 
1264   1      0      10.976  8.698   45.293 
1265   1      0      9.537   9.434   45.526 
1266   2      0      10.203  8.802   45.92  
1267   1      0      4.146   14.125  30.98  
1268   1      0      4.128   12.545  31.391 
1269   2      0      3.562   13.329  31.137 
1270   1      0      1.401   17.711  46.643 
1271   1      0      1.957   16.176  46.615 
1272   2      0      1.137   16.747  46.632 
1273   1      0      -0.008  11.36   23.897 
1274   1      0      1.302   11.028  22.981 
1275   2      0      0.31    11.142  22.974 
1276   1      0      18.653  3.271   42.472 
1277   1      0      17.708  4.509   42.962 
1278   2      0      18.498  4.257   42.405 
1279   1      0      15.153  3.506   13.292 
1280   1      0      13.957  4.613   13.183 
1281   2      0      14.249  3.697   12.91  
1282   1      0      9.254   7.123   40.376 
1283   1      0      7.791   7.823   40.193 
1284   2      0      8.271   6.954   40.306 
1285   1      0      -0.007  4.673   23.541 
1286   1      0      -0.006  6.306   23.528 
1287   2      0      0.571   5.49    23.532 
1288   1      0      6.754   1.917   35.201 
1289   1      0      5.202   1.443   35.015 
1290   2      0      5.804   2.228   35.159 
1291   1      0      8.009   17.6    18.756 
1292   1      0      9.287   18.605  18.909 
1293   2      0      8.971   17.739  18.522 
1294   1      0      13.596  6.539   42.879 
1295   1      0      12.723  7.505   43.866 
1296   2      0      12.701  6.679   43.304 
1297   1      0      8.224   15.253  42.904 
1298   1      0      6.991   14.543  43.706 
1299   2      0      7.77    14.384  43.101 
1300   1      0      12.551  2.679   46.761 
1301   1      0      11.985  2.22    48.223 
1302   2      0      12.775  2.201   47.611 
1303   1      0      11.766  11.238  27.873 
1304   1      0      10.177  11.61   27.895 
1305   2      0      11.09   11.918  28.158 
1306   1      0      18.329  17.635  15.188 
1307   1      0      17.619  17.35   16.63  
1308   2      0      17.8    18.042  15.932 
1309   1      0      8.239   12.665  44.593 
1310   1      0      7.105   11.492  44.658 
1311   2      0      7.895   11.836  44.152 
1312   1      0      9.583   16.848  43.583 
1313   1      0      11.185  16.674  43.853 
1314   2      0      10.274  16.35   44.107 
1315   1      0      15.738  20.859  30.666 
1316   1      0      16.749  21.622  29.635 
1317   2      0      16.208  21.72   30.47  
1318   1      0      6.147   14.867  25.504 
1319   1      0      7.585   15.586  25.785 
1320   2      0      6.798   15.548  25.171 
1321   1      0      12.088  2.647   16.216 
1322   1      0      12.969  2.568   17.588 
1323   2      0      12.509  2.031   16.882 
1324   1      0      0.949   15.899  33.753 
1325   1      0      -0.0    14.668  33.251 
1326   2      0      0.944   14.973  33.375 
1327   1      0      9.675   12.306  46.393 
1328   1      0      11.069  11.456  46.418 
1329   2      0      10.073  11.388  46.383 
1330   1      0      8.859   1.689   14.63  
1331   1      0      8.084   3.124   14.708 
1332   2      0      7.963   2.133   14.66  
1333   1      0      10.965  0.004   25.775 
1334   1      0      10.862  -0.006  27.405 
1335   2      0      10.655  0.515   26.578 
1336   1      0      6.209   13.076  45.895 
1337   1      0      6.345   14.703  45.918 
1338   2      0      6.852   13.841  45.926 
1339   1      0      1.724   11.177  14.809 
1340   1      0      3.148   11.945  15.027 
1341   2      0      2.205   11.867  15.35  
1342   1      0      6.698   12.251  19.968 
1343   1      0      6.724   11.45   18.545 
1344   2      0      7.196   12.126  19.109 
1345   1      0      12.377  21.603  40.789 
1346   1      0      11.203  20.535  40.404 
1347   2      0      12.189  20.661  40.512 
1348   1      0      9.17    10.543  40.376 
1349   1      0      9.962   9.168   39.99  
1350   2      0      9.066   9.609   40.034 
1351   1      0      1.714   4.268   11.293 
1352   1      0      2.57    5.239   10.298 
1353   2      0      1.805   5.199   10.94  
1354   1      0      17.732  12.506  23.935 
1355   1      0      17.263  11.387  25.028 
1356   2      0      17.958  11.625  24.351 
1357   1      0      11.437  12.929  14.268 
1358   1      0      12.295  13.245  12.915 
1359   2      0      11.743  13.649  13.644 
1360   1      0      10.21   20.683  21.336 
1361   1      0      9.126   19.476  21.145 
1362   2      0      10.096  19.692  21.255 
1363   1      0      8.829   16.322  48.901 
1364   1      0      9.707   15.903  47.589 
1365   2      0      9.362   16.67   48.13  
1366   1      0      13.788  16.376  31.829 
1367   1      0      14.703  17.651  32.281 
1368   2      0      14.54   16.979  31.56  
1369   1      0      10.017  7.244   27.009 
1370   1      0      9.762   5.725   27.551 
1371   2      0      9.323   6.589   27.306 
1372   1      0      17.73   9.528   14.615 
1373   1      0      19.026  9.746   13.646 
1374   2      0      18.708  9.737   14.593 
1375   1      0      15.06   -0.004  35.447 
1376   1      0      15.233  0.169   33.833 
1377   2      0      15.539  -0.341  34.636 
1378   1      0      17.619  9.15    10.002 
1379   1      0      18.988  9.713   10.69  
1380   2      0      18.225  9.076   10.794 
1381   1      0      12.376  4.69    16.981 
1382   1      0      11.017  4.906   17.86  
1383   2      0      11.662  5.343   17.234 
1384   1      0      9.93    17.559  46.159 
1385   1      0      11.382  16.821  46.039 
1386   2      0      10.861  17.524  46.522 
1387   1      0      4.867   14.118  44.092 
1388   1      0      4.191   12.632  44.146 
1389   2      0      4.004   13.614  44.119 
1390   1      0      2.83    9.974   29.453 
1391   1      0      3.173   11.555  29.675 
1392   2      0      2.768   10.888  29.051 
1393   1      0      6.339   5.277   13.729 
1394   1      0      5.561   6.71    13.823 
1395   2      0      5.45    5.731   13.655 
1396   1      0      10.623  17.187  11.926 
1397   1      0      10.665  15.564  12.096 
1398   2      0      10.092  16.344  11.848 
1399   1      0      19.654  7.42    15.133 
1400   1      0      18.166  6.748   15.148 
1401   2      0      18.672  7.609   15.153 
1402   1      0      13.347  18.567  42.28  
1403   1      0      13.31   20.194  42.421 
1404   2      0      12.76   19.36   42.444 
1405   1      0      0.571   12.884  35.355 
1406   1      0      1.534   13.957  36.122 
1407   2      0      1.48    13.033  35.744 
1408   1      0      9.888   1.066   24.134 
1409   1      0      10.283  2.565   23.619 
1410   2      0      10.619  1.748   24.085 
1411   1      0      18.361  20.396  43.773 
1412   1      0      18.326  20.714  42.172 
1413   2      0      17.892  20.905  43.051 
1414   1      0      16.772  3.193   25.499 
1415   1      0      15.16   2.955   25.6   
1416   2      0      16.052  2.505   25.586 
1417   1      0      7.679   18.889  28.557 
1418   1      0      7.964   17.309  28.855 
1419   2      0      7.256   17.99   28.672 
1420   1      0      7.822   10.739  16.554 
1421   1      0      7.385   9.932   15.204 
1422   2      0      7.515   10.837  15.607 
1423   1      0      8.276   18.885  11.976 
1424   1      0      7.7     20.327  12.482 
1425   2      0      7.48    19.36   12.352 
1426   1      0      12.837  6.215   26.373 
1427   1      0      13.851  4.937   26.459 
1428   2      0      12.966  5.298   26.752 
1429   1      0      13.345  17.362  16.542 
1430   1      0      14.539  16.959  15.504 
1431   2      0      13.749  16.617  16.012 
1432   1      0      5.987   18.105  26.638 
1433   1      0      6.97    19.394  26.446 
1434   2      0      6.875   18.411  26.296 
1435   1      0      19.252  10.968  32.262 
1436   1      0      19.662  12.517  32.579 
1437   2      0      19.989  11.572  32.565 
1438   1      0      7.004   3.748   25.061 
1439   1      0      7.176   2.359   24.22  
1440   2      0      6.655   2.819   24.938 
1441   1      0      3.605   17.551  11.445 
1442   1      0      3.726   16.717  12.843 
1443   2      0      4.166   16.908  11.967 
1444   1      0      12.077  12.218  16.258 
1445   1      0      11.493  11.133  17.329 
1446   2      0      11.711  12.097  17.181 
1447   1      0      0.861   9.08    29.048 
1448   1      0      -0.001  8.018   29.94  
1449   2      0      0.554   8.13    29.117 
1450   1      0      10.378  0.673   48.598 
1451   1      0      9.14    1.734   48.511 
1452   2      0      9.382   0.766   48.563 
1453   1      0      0.972   18.502  42.687 
1454   1      0      0.612   17.321  41.617 
1455   2      0      0.251   18.108  42.115 
1456   1      0      19.665  15.751  20.688 
1457   1      0      19.073  17.161  20.116 
1458   2      0      19.791  16.743  20.67  
1459   1      0      9.505   8.573   12.663 
1460   1      0      8.437   8.289   13.865 
1461   2      0      9.11    7.871   13.256 
1462   1      0      10.518  10.298  26.163 
1463   1      0      11.676  11.342  25.679 
1464   2      0      10.966  10.71   25.37  
1465   1      0      3.605   8.735   44.181 
1466   1      0      4.694   7.791   44.949 
1467   2      0      3.723   7.922   44.752 
1468   1      0      0.679   -0.001  25.29  
1469   1      0      1.11    0.14    26.859 
1470   2      0      1.447   -0.015  25.931 
1471   1      0      14.598  1.064   16.957 
1472   1      0      14.62   0.212   18.349 
1473   2      0      14.511  0.152   17.358 
1474   1      0      11.039  8.782   38.113 
1475   1      0      12.51   9.479   37.991 
1476   2      0      11.526  9.651   38.029 
1477   1      0      13.805  11.343  38.763 
1478   1      0      14.511  11.147  37.304 
1479   2      0      14.322  10.713  38.184 
1480   1      0      11.823  18.322  22.864 
1481   1      0      10.568  17.385  23.326 
1482   2      0      10.826  18.265  22.93  
1483   1      0      1.155   4.398   42.609 
1484   1      0      1.353   6.008   42.429 
1485   2      0      1.783   5.115   42.307 
1486   1      0      1.618   7.612   19.937 
1487   1      0      -0.0    7.421   20.046 
1488   2      0      0.886   7.0     20.237 
1489   1      0      -0.0    10.704  20.576 
1490   1      0      0.15    11.304  19.064 
1491   2      0      -0.29   11.431  19.953 
1492   1      0      2.597   14.484  10.0   
1493   1      0      3.402   15.905  10.0   
1494   2      0      3.083   15.148  9.431  
1495   1      0      13.524  3.94    19.254 
1496   1      0      12.268  3.717   20.273 
1497   2      0      12.539  4.061   19.374 
1498   1      0      14.307  5.952   46.264 
1499   1      0      12.961  5.891   45.341 
1500   2      0      13.76   6.44    45.583 
1501   1      0      2.704   15.206  42.7   
1502   1      0      2.387   16.747  43.138 
1503   2      0      1.98    15.866  42.9   
1504   1      0      13.14   13.645  50.0   
1505   1      0      13.752  12.26   49.388 
1506   2      0      13.897  13.245  49.482 
1507   1      0      4.653   11.614  20.725 
1508   1      0      4.176   11.39   19.179 
1509   2      0      4.807   11.084  19.891 
1510   1      0      16.698  20.196  49.852 
1511   1      0      15.967  21.622  49.534 
1512   2      0      16.848  21.165  49.654 
1513   1      0      16.161  4.572   11.652 
1514   1      0      17.604  4.049   11.096 
1515   2      0      16.803  4.608   10.886 
1516   1      0      10.639  2.688   36.281 
1517   1      0      11.625  1.608   37.007 
1518   2      0      11.446  2.11    36.161 
1519   1      0      16.883  5.065   47.146 
1520   1      0      15.598  4.676   48.075 
1521   2      0      16.582  4.553   47.951 
1522   1      0      19.236  8.177   40.303 
1523   1      0      18.588  8.908   38.995 
1524   2      0      18.443  8.209   39.694 
1525   1      0      13.201  1.175   38.832 
1526   1      0      13.071  2.615   39.591 
1527   2      0      12.561  1.85    39.199 
1528   1      0      13.764  14.512  20.902 
1529   1      0      14.603  15.913  20.89  
1530   2      0      13.688  15.51   20.894 
1531   1      0      6.707   15.646  37.398 
1532   1      0      8.114   16.392  37.76  
1533   2      0      7.31    16.41   37.167 
1534   1      0      17.04   16.374  19.723 
1535   1      0      17.777  15.637  18.466 
1536   2      0      17.535  15.555  19.432 
1537   1      0      13.024  18.206  45.496 
1538   1      0      13.259  17.358  44.12  
1539   2      0      13.712  17.799  44.894 
1540   1      0      6.562   7.656   46.712 
1541   1      0      8.111   8.163   46.617 
1542   2      0      7.202   8.237   46.209 
1543   1      0      4.659   12.569  22.72  
1544   1      0      3.291   12.93   21.905 
1545   2      0      3.678   12.744  22.807 
1546   1      0      5.631   -0.0    21.103 
1547   1      0      7.219   -0.0    20.723 
1548   2      0      6.405   0.571   20.83  
1549   1      0      17.432  19.777  39.089 
1550   1      0      17.597  18.941  40.483 
1551   2      0      18.038  19.183  39.619 
1552   1      0      0.633   3.859   38.067 
1553   1      0      0.317   3.451   39.617 
1554   2      0      1.024   3.491   38.911 
1555   1      0      6.674   18.567  14.473 
1556   1      0      5.645   18.132  15.664 
1557   2      0      5.781   18.164  14.674 
1558   1      0      13.007  1.912   10.188 
1559   1      0      12.385  0.414   10.0   
1560   2      0      12.232  1.388   9.834  
1561   1      0      12.693  2.749   34.465 
1562   1      0      13.508  1.336   34.546 
1563   2      0      12.627  1.759   34.338 
1564   1      0      -0.0    18.545  39.877 
1565   1      0      0.92    19.891  39.789 
1566   2      0      0.085   19.497  40.17  
1567   1      0      16.063  6.081   50.0   
1568   1      0      17.597  5.764   49.539 
1569   2      0      16.918  6.485   49.676 
1570   1      0      1.593   2.078   30.112 
1571   1      0      -0.004  2.128   29.774 
1572   2      0      0.675   2.099   30.507 
1573   1      0      0.225   9.436   24.939 
1574   1      0      0.431   8.981   26.494 
1575   2      0      -0.243  9.14    25.773 
1576   1      0      13.841  10.392  21.667 
1577   1      0      12.356  9.725   21.799 
1578   2      0      12.938  10.485  22.088 
1579   1      0      11.082  3.947   42.481 
1580   1      0      10.074  4.217   43.736 
1581   2      0      10.593  3.521   43.242 
1582   1      0      18.013  11.184  48.361 
1583   1      0      18.184  10.077  47.173 
1584   2      0      17.539  10.496  47.81  
1585   1      0      14.45   1.848   30.476 
1586   1      0      14.96   1.28    31.919 
1587   2      0      15.169  1.333   30.944 
1588   1      0      13.017  9.13    35.508 
1589   1      0      12.39   7.877   36.347 
1590   2      0      12.189  8.764   35.934 
1591   1      0      12.651  6.215   21.931 
1592   1      0      13.607  4.965   21.493 
1593   2      0      12.705  5.22    21.841 
1594   1      0      -0.001  13.336  21.015 
1595   1      0      1.212   13.645  22.064 
1596   2      0      0.461   13.024  21.845 
1597   1      0      7.482   16.349  45.003 
1598   1      0      8.447   15.355  45.868 
1599   2      0      8.415   16.197  45.33  
1600   1      0      6.815   6.684   23.32  
1601   1      0      7.498   5.211   23.495 
1602   2      0      7.678   6.18    23.325 
1603   1      0      16.608  9.881   12.646 
1604   1      0      16.689  11.458  12.229 
1605   2      0      17.192  10.595  12.259 
1606   1      0      11.544  17.951  37.065 
1607   1      0      10.269  18.5    37.925 
1608   2      0      10.815  17.694  37.7   
1609   1      0      18.43   16.692  49.72  
1610   1      0      19.629  15.594  49.568 
1611   2      0      18.66   15.72   49.778 
1612   1      0      2.829   10.682  35.253 
1613   1      0      4.163   9.784   35.538 
1614   2      0      3.723   10.412  34.896 
1615   1      0      10.655  11.922  20.135 
1616   1      0      9.04    11.699  20.231 
1617   2      0      9.928   11.392  20.572 
1618   1      0      8.648   21.622  35.523 
1619   1      0      9.583   20.747  34.509 
1620   2      0      9.553   21.217  35.391 
1621   1      0      18.272  10.356  42.391 
1622   1      0      19.664  9.641   41.924 
1623   2      0      19.104  10.465  41.847 
1624   1      0      7.685   10.255  37.227 
1625   1      0      9.218   9.945   37.696 
1626   2      0      8.316   10.245  38.003 
1627   1      0      5.142   3.029   39.766 
1628   1      0      6.005   1.958   40.647 
1629   2      0      5.992   2.885   40.274 
1630   1      0      3.642   0.915   15.563 
1631   1      0      2.661   0.943   16.868 
1632   2      0      3.349   1.453   16.353 
1633   1      0      16.075  4.954   37.813 
1634   1      0      15.115  4.805   39.126 
1635   2      0      15.504  5.45    38.469 
1636   1      0      13.284  21.122  34.847 
1637   1      0      11.817  21.622  34.332 
1638   2      0      12.426  20.834  34.42  
1639   1      0      8.339   10.64   34.828 
1640   1      0      7.429   9.292   34.972 
1641   2      0      7.408   10.29   34.939 
1642   1      0      4.826   2.615   49.992 
1643   1      0      5.304   1.054   50.001 
1644   2      0      5.353   1.925   50.488 
1645   1      0      7.878   18.239  43.55  
1646   1      0      7.098   19.669  43.656 
1647   2      0      7.372   18.933  43.038 
1648   1      0      3.209   14.931  48.376 
1649   1      0      1.931   15.488  49.226 
1650   2      0      2.837   15.716  48.871 
1651   1      0      11.525  4.686   38.126 
1652   1      0      12.549  3.67    37.36  
1653   2      0      11.898  3.758   38.113 
1654   1      0      11.361  10.91   40.086 
1655   1      0      11.491  11.751  38.692 
1656   2      0      10.907  11.565  39.481 
1657   1      0      19.148  14.039  19.406 
1658   1      0      18.734  13.09   18.144 
1659   2      0      19.492  13.551  18.604 
1660   1      0      7.64    0.909   10.596 
1661   1      0      6.284   -0.0    10.574 
1662   2      0      6.8     0.684   11.089 
1663   1      0      4.336   6.829   33.595 
1664   1      0      3.184   5.758   33.157 
1665   2      0      3.857   5.991   33.857 
1666   1      0      8.653   15.356  29.69  
1667   1      0      10.259  15.312  29.982 
1668   2      0      9.464   14.771  29.71  
1669   1      0      5.391   3.12    33.191 
1670   1      0      5.765   1.582   32.791 
1671   2      0      5.959   2.544   32.604 
1672   1      0      18.249  21.416  31.232 
1673   1      0      19.665  20.608  31.336 
1674   2      0      19.245  21.511  31.248 
1675   1      0      10.483  15.159  34.038 
1676   1      0      9.122   15.859  34.607 
1677   2      0      9.484   15.166  33.985 
1678   1      0      19.664  20.885  10.637 
1679   1      0      19.156  21.252  12.145 
1680   2      0      19.875  21.402  11.466 
1681   1      0      1.61    7.791   36.591 
1682   1      0      -0.0    8.057   36.535 
1683   2      0      0.726   7.54    36.986 
1684   1      0      16.589  0.88    46.774 
1685   1      0      17.574  2.049   47.348 
1686   2      0      17.513  1.26    46.737 
1687   1      0      16.382  8.91    27.74  
1688   1      0      17.038  10.149  28.577 
1689   2      0      16.207  9.812   28.137 
1690   1      0      12.28   19.874  21.067 
1691   1      0      12.207  21.072  22.174 
1692   2      0      12.668  20.752  21.347 
1693   1      0      1.657   21.622  29.313 
1694   1      0      1.314   21.29   27.751 
1695   2      0      0.94    21.624  28.615 
1696   1      0      10.741  21.623  42.26  
1697   1      0      11.934  21.622  43.375 
1698   2      0      11.324  21.046  42.832 
1699   1      0      17.907  18.018  24.187 
1700   1      0      16.92   16.72   24.106 
1701   2      0      17.871  17.025  24.075 
1702   1      0      11.687  15.844  48.96  
1703   1      0      11.588  14.77   47.734 
1704   2      0      11.352  14.942  48.69  
1705   1      0      11.185  1.004   42.606 
1706   1      0      10.604  -0.0    43.756 
1707   2      0      10.416  0.821   43.219 
1708   1      0      12.683  12.584  22.694 
1709   1      0      11.156  13.138  22.857 
1710   2      0      11.739  12.328  22.902 
1711   1      0      0.225   11.615  38.026 
1712   1      0      -0.0    13.132  37.466 
1713   2      0      0.158   12.579  38.283 
1714   1      0      5.012   16.641  35.187 
1715   1      0      4.054   16.77   33.872 
1716   2      0      4.553   16.133  34.458 
1717   3      0      18.026  15.524  28.281 
1718   3      0      17.413  16.265  27.12  
1719   5      0      19.293  15.797  28.664 
1720   4      0      18.357  17.135  26.598 
1721   3      0      16.157  17.059  27.561 
1722   4      0      17.078  15.342  26.143 
1723   3      0      15.509  17.848  26.39  
1724   4      0      16.53   17.943  28.562 
1725   4      0      15.229  16.17   28.08  
1726   4      0      16.442  18.734  25.874 
1727   3      0      14.249  18.645  26.834 
1728   4      0      15.151  16.955  25.392 
1729   3      0      13.6    19.436  25.663 
1730   4      0      14.609  19.535  27.834 
1731   4      0      13.315  17.758  27.349 
1732   4      0      14.53   20.324  25.148 
1733   3      0      12.342  20.229  26.11  
1734   4      0      13.238  18.547  24.663 
1735   3      0      11.694  21.015  24.956 
1736   4      0      12.687  21.131  27.104 
1737   4      0      11.395  19.355  26.619 
1738   4      0      12.582  21.939  24.435 
1739   4      0      10.585  21.693  25.43  
1740   4      0      11.287  20.158  23.949 
1741   6      0      19.707  15.331  29.404 
1742   5      0      17.385  14.666  28.87  
1743   3      0      12.969  6.325   31.346 
1744   3      0      13.759  5.07    31.619 
1745   5      0      11.619  6.295   31.38  
1746   4      0      12.875  4.026   31.839 
1747   3      0      14.679  5.245   32.854 
1748   4      0      14.515  4.779   30.496 
1749   3      0      15.496  3.963   33.174 
1750   4      0      13.887  5.571   33.945 
1751   4      0      15.552  6.293   32.614 
1752   4      0      14.618  2.917   33.413 
1753   3      0      16.419  4.139   34.414 
1754   4      0      16.275  3.642   32.073 
1755   3      0      17.237  2.857   34.736 
1756   4      0      15.639  4.463   35.513 
1757   4      0      17.298  5.184   34.176 
1758   4      0      16.361  1.811   34.978 
1759   3      0      18.157  3.036   35.974 
1760   4      0      18.02   2.532   33.639 
1761   3      0      18.97   1.771   36.299 
1762   4      0      17.391  3.352   37.085 
1763   4      0      19.049  4.072   35.747 
1764   4      0      18.13   0.709   36.58  
1765   4      0      19.762  2.008   37.409 
1766   4      0      19.792  1.431   35.239 
1767   6      0      11.092  7.087   31.204 
1768   5      0      13.546  7.369   31.079 
1769   3      0      14.778  16.141  39.89  
1770   3      0      15.496  14.817  39.839 
1771   5      0      15.245  17.134  40.679 
1772   4      0      16.57   14.858  40.712 
1773   3      0      15.998  14.506  38.406 
1774   4      0      14.621  13.831  40.264 
1775   3      0      16.757  13.153  38.321 
1776   4      0      16.839  15.533  38.007 
1777   4      0      14.908  14.471  37.55  
1778   4      0      17.845  13.194  39.179 
1779   3      0      17.261  12.843  36.882 
1780   4      0      15.909  12.137  38.732 
1781   3      0      18.023  11.49   36.796 
1782   4      0      18.107  13.861  36.472 
1783   4      0      16.173  12.801  36.024 
1784   4      0      19.112  11.529  37.651 
1785   3      0      18.523  11.182  35.359 
1786   4      0      17.178  10.469  37.204 
1787   3      0      19.278  9.844   35.266 
1788   4      0      19.378  12.188  34.937 
1789   4      0      17.445  11.128  34.49  
1790   4      0      20.395  9.855   36.081 
1791   4      0      19.691  9.642   33.961 
1792   4      0      18.457  8.793   35.634 
1793   6      0      14.798  17.99   40.731 
1794   5      0      13.765  16.318  39.229 
1795   3      0      4.734   17.243  31.834 
1796   3      0      5.847   18.022  32.489 
1797   5      0      3.487   17.76   31.781 
1798   4      0      5.329   19.206  32.987 
1799   3      0      6.983   18.331  31.482 
1800   4      0      6.335   17.274  33.547 
1801   3      0      8.14    19.147  32.122 
1802   4      0      6.444   19.047  30.423 
1803   4      0      7.485   17.134  30.995 
1804   4      0      7.632   20.342  32.607 
1805   3      0      9.28    19.457  31.109 
1806   4      0      8.662   18.426  33.183 
1807   3      0      10.438  20.275  31.747 
1808   4      0      8.755   20.176  30.046 
1809   4      0      9.789   18.262  30.624 
1810   4      0      9.934   21.471  32.231 
1811   3      0      11.574  20.583  30.735 
1812   4      0      10.966  19.558  32.809 
1813   3      0      12.725  21.392  31.36  
1814   4      0      11.067  21.309  29.669 
1815   4      0      12.1    19.397  30.248 
1816   4      0      12.268  22.611  31.826 
1817   4      0      13.694  21.625  30.4   
1818   4      0      13.302  20.694  32.405 
1819   6      0      2.757   17.277  31.37  
1820   5      0      4.953   16.138  31.36  
1821   3      0      10.209  7.274   29.199 
1822   3      0      9.565   8.637   29.167 
1823   5      0      11.442  7.096   28.677 
1824   4      0      10.417  9.518   28.521 
1825   3      0      9.269   9.151   30.599 
1826   4      0      8.391   8.546   28.438 
1827   3      0      8.618   10.562  30.602 
1828   4      0      10.462  9.192   31.303 
1829   4      0      8.417   8.256   31.226 
1830   4      0      9.475   11.453  29.973 
1831   3      0      8.322   11.078  32.04  
1832   4      0      7.433   10.511  29.887 
1833   3      0      7.673   12.491  32.045 
1834   4      0      9.509   11.126  32.754 
1835   4      0      7.465   10.187  32.669 
1836   4      0      8.527   13.383  31.42  
1837   3      0      7.377   13.001  33.481 
1838   4      0      6.484   12.445  31.333 
1839   3      0      6.734   14.399  33.495 
1840   4      0      8.556   13.064  34.207 
1841   4      0      6.514   12.126  34.121 
1842   4      0      7.573   15.329  32.907 
1843   4      0      6.502   14.784  34.803 
1844   4      0      5.526   14.389  32.821 
1845   6      0      11.872  6.23    28.683 
1846   5      0      9.613   6.324   29.686 
1847   3      0      8.264   15.366  40.708 
1848   3      0      7.37    14.554  39.807 
1849   5      0      7.853   16.57   41.164 
1850   4      0      6.21    15.272  39.566 
1851   3      0      7.016   13.189  40.449 
1852   4      0      8.026   14.361  38.603 
1853   3      0      6.08    12.333  39.552 
1854   4      0      6.395   13.428  41.666 
1855   4      0      8.189   12.489  40.682 
1856   4      0      4.909   13.038  39.322 
1857   3      0      5.726   10.963  40.199 
1858   4      0      6.707   12.11   38.336 
1859   3      0      4.788   10.105  39.302 
1860   4      0      5.101   11.188  41.415 
1861   4      0      6.897   10.257  40.428 
1862   4      0      3.616   10.806  39.073 
1863   3      0      4.437   8.739   39.95  
1864   4      0      5.411   9.877   38.085 
1865   3      0      3.509   7.884   39.068 
1866   4      0      3.803   8.946   41.165 
1867   4      0      5.597   8.016   40.177 
1868   4      0      2.311   8.536   38.843 
1869   4      0      3.242   6.687   39.71  
1870   4      0      4.11    7.605   37.853 
1871   6      0      8.412   17.11   41.74  
1872   5      0      9.369   14.945  41.02  
1873   3      0      13.672  9.375   19.391 
1874   3      0      14.603  8.595   20.283 
1875   5      0      13.955  10.658  19.075 
1876   4      0      15.645  9.422   20.672 
1877   3      0      15.168  7.351   19.553 
1878   4      0      13.902  8.209   21.413 
1879   3      0      16.146  6.532   20.44  
1880   4      0      15.83   7.778   18.411 
1881   4      0      14.111  6.539   19.172 
1882   4      0      17.201  7.348   20.818 
1883   3      0      16.713  5.283   19.705 
1884   4      0      15.477  6.119   21.581 
1885   3      0      17.693  4.463   20.591 
1886   4      0      17.38   5.698   18.563 
1887   4      0      15.659  4.466   19.327 
1888   4      0      18.749  5.276   20.968 
1889   3      0      18.256  3.217   19.855 
1890   4      0      17.028  4.045   21.733 
1891   3      0      19.227  2.4     20.726 
1892   4      0      18.935  3.616   18.714 
1893   4      0      17.214  2.385   19.479 
1894   4      0      20.316  3.168   21.097 
1895   4      0      19.685  1.312   20.004 
1896   4      0      18.591  1.936   21.863 
1897   6      0      13.369  11.179  18.508 
1898   5      0      12.652  8.855   18.962 
1899   3      0      2.087   7.824   22.984 
1900   3      0      2.459   7.58    24.425 
1901   5      0      2.163   9.07    22.468 
1902   4      0      2.804   8.789   25.007 
1903   3      0      3.644   6.588   24.538 
1904   4      0      1.349   7.075   25.081 
1905   3      0      4.064   6.326   26.01  
1906   4      0      4.72    7.114   23.838 
1907   4      0      3.279   5.388   23.948 
1908   4      0      4.428   7.53    26.595 
1909   3      0      5.255   5.331   26.122 
1910   4      0      2.979   5.812   26.701 
1911   3      0      5.677   5.069   27.596 
1912   4      0      6.339   5.846   25.429 
1913   4      0      4.891   4.127   25.539 
1914   4      0      6.044   6.27    28.181 
1915   3      0      6.865   4.075   27.704 
1916   4      0      4.595   4.552   28.291 
1917   3      0      7.288   3.811   29.159 
1918   4      0      7.961   4.58    27.022 
1919   4      0      6.513   2.862   27.133 
1920   4      0      7.695   4.983   29.771 
1921   4      0      8.347   2.92    29.174 
1922   4      0      6.243   3.261   29.881 
1923   6      0      1.925   9.251   21.548 
1924   5      0      1.704   6.899   22.283 
1925   3      0      4.19    4.375   47.684 
1926   3      0      5.57    4.561   47.108 
1927   5      0      3.471   3.272   47.376 
1928   4      0      5.852   3.493   46.271 
1929   3      0      6.638   4.645   48.226 
1930   4      0      5.573   5.723   46.354 
1931   3      0      8.076   4.822   47.665 
1932   4      0      6.576   3.481   48.977 
1933   4      0      6.336   5.718   49.051 
1934   4      0      8.373   3.747   46.842 
1935   3      0      9.148   4.906   48.79  
1936   4      0      8.123   5.982   46.91  
1937   3      0      10.588  5.081   48.23  
1938   4      0      9.098   3.745   49.547 
1939   4      0      8.853   5.981   49.614 
1940   4      0      10.887  4.007   47.409 
1941   3      0      11.655  5.165   49.355 
1942   4      0      10.641  6.242   47.475 
1943   3      0      13.083  5.339   48.808 
1944   4      0      11.624  4.008   50.116 
1945   4      0      11.379  6.242   50.182 
1946   4      0      13.434  4.267   48.008 
1947   4      0      13.973  5.405   49.866 
1948   4      0      13.187  6.507   48.074 
1949   6      0      2.582   3.134   47.731 
1950   5      0      3.71    5.225   48.42  
1951   3      0      5.317   19.928  22.034 
1952   3      0      5.052   18.444  22.044 
1953   5      0      4.681   20.723  21.146 
1954   4      0      4.157   18.144  21.03  
1955   3      0      4.471   17.986  23.406 
1956   4      0      6.244   17.788  21.787 
1957   3      0      4.171   16.462  23.444 
1958   4      0      3.301   18.693  23.64  
1959   4      0      5.38    18.297  24.405 
1960   4      0      3.262   16.158  22.443 
1961   3      0      3.587   16.005  24.812 
1962   4      0      5.345   15.769  23.199 
1963   3      0      3.285   14.48   24.851 
1964   4      0      2.415   16.702  25.056 
1965   4      0      4.497   16.308  25.813 
1966   4      0      2.375   14.174  23.853 
1967   3      0      2.704   14.026  26.217 
1968   4      0      4.457   13.781  24.609 
1969   3      0      2.403   12.518  26.264 
1970   4      0      1.525   14.708  26.473 
1971   4      0      3.606   14.315  27.229 
1972   4      0      1.47    12.176  25.302 
1973   4      0      1.89    12.192  27.507 
1974   4      0      3.556   11.782  26.059 
1975   6      0      4.839   21.677  21.119 
1976   5      0      6.116   20.415  22.821 