# sio2 slab  100 facet  4x4x1 supercell made from premitive cell, mp-??????

33 atoms
8  atom types

Masses

1 1.0078       ! H of water
2 15.9994      ! O of water
3 12.011       ! C of pfoa
4 18.998403    ! F of pfoa
5 15.9994      ! O of pfoa
6 1.0078       ! H of pfoa
7 22.989769    ! Na of ion
8 35.453       ! Cl of ion

Atoms

1      3      0      -1.086  2.734   1.0    
2      3      0      -1.71   2.106   1.0    
3      5      0      -1.633  2.533   1.0    
4      4      0      -2.799  1.347   1.0    
5      3      0      -2.166  3.184   1.0    
6      4      0      -0.776  1.265   1.0    
7      3      0      -2.829  2.57    1.0    
8      4      0      -3.07   4.024   1.0    
9      4      0      -1.063  3.931   1.0    
10     4      0      -3.931  1.824   1.0    
11     3      0      -3.287  3.654   1.0    
12     4      0      -1.92   1.726   1.0    
13     3      0      -3.952  3.041   1.0    
14     4      0      -4.194  4.499   1.0    
15     4      0      -2.185  4.4     1.0    
16     4      0      -5.055  2.297   1.0    
17     3      0      -4.407  4.125   1.0    
18     4      0      -3.046  2.197   1.0    
19     3      0      -5.066  3.526   1.0    
20     4      0      -5.322  4.974   1.0    
21     4      0      -3.314  4.874   1.0    
22     4      0      -6.194  2.801   1.0    
23     4      0      -5.443  4.549   1.0    
24     4      0      -4.181  2.701   1.0    
25     6      0      -1.247  2.923   1.0    
26     5      0      -0.077  3.416   1.0    
27     1      0.253  6.787   12.673  1.0    
28     2      -0.253 7.604   12.673  1.0    
29     1      0.205  6.787   12.673  1.0    
30     1      0.205  8.42    12.673  1.0    
31     2      -0.41  7.604   12.673  1.0    
32     7      1.0    7.604   12.673  1.0    
33     8      1.0    7.604   12.673  1.0    